
-------------------------------------------------------------------------------------
-----------------------------------START OF OUTPUT-----------------------------------
-------------------------------------------------------------------------------------
L0 Grid Size = 7 x 6 x 5
Refined = 28.57%
-------------------------------------------------------------------------------------
Grid Level = 0
Time Step = 0
Omega = 1.786
X Index: 1	2	3	4	5	
Y Index: 1	2	3	4	
Z Index: 1	2	3	
X Position: 	0.5	1.5	2.5	3.5	4.5	5.5	6.5	
Y Position: 	0.5	1.5	2.5	3.5	4.5	5.5	
Z Position: 	0.5	1.5	2.5	3.5	4.5	

Typing Matrix
z = 0.5

1	1	1	1	1	1	1	
1	1	1	1	1	1	1	
1	1	1	1	1	1	1	
1	1	1	1	1	1	1	
1	1	1	1	1	1	1	
1	1	1	1	1	1	1	
z = 1.5

1	1	1	1	1	1	1	
1	4	4	4	4	4	1	
1	4	4	4	4	4	1	
1	4	4	4	4	4	1	
1	4	4	4	4	4	1	
1	1	1	1	1	1	1	
z = 2.5

1	1	1	1	1	1	1	
1	4	4	4	4	4	1	
1	4	2	2	2	4	1	
1	4	2	2	2	4	1	
1	4	4	4	4	4	1	
1	1	1	1	1	1	1	
z = 3.5

1	1	1	1	1	1	1	
1	4	4	4	4	4	1	
1	4	4	4	4	4	1	
1	4	4	4	4	4	1	
1	4	4	4	4	4	1	
1	1	1	1	1	1	1	
z = 4.5

1	1	1	1	1	1	1	
1	1	1	1	1	1	1	
1	1	1	1	1	1	1	
1	1	1	1	1	1	1	
1	1	1	1	1	1	1	
1	1	1	1	1	1	1	

f Values
c = 1
z = 0.5

0.03693	0.04741	0.06162	0.06738	0.06162	0.04741	0.03693	
0.02791	0.04771	0.07837	0.09222	0.07837	0.04771	0.02791	
0.03693	0.04741	0.06162	0.06738	0.06162	0.04741	0.03693	
0.06595	0.05492	0.04101	0.03555	0.04101	0.05492	0.06595	
0.08866	0.06339	0.03528	0.02556	0.03528	0.06339	0.08866	
0.06595	0.05492	0.04101	0.03555	0.04101	0.05492	0.06595	
z = 1.5

0.03693	0.04741	0.06162	0.06738	0.06162	0.04741	0.03693	
0.02791	0.04771	0.07837	0.09222	0.07837	0.04771	0.02791	
0.03693	0.04741	0.06162	0.06738	0.06162	0.04741	0.03693	
0.06595	0.05492	0.04101	0.03555	0.04101	0.05492	0.06595	
0.08866	0.06339	0.03528	0.02556	0.03528	0.06339	0.08866	
0.06595	0.05492	0.04101	0.03555	0.04101	0.05492	0.06595	
z = 2.5

0.03693	0.04741	0.06162	0.06738	0.06162	0.04741	0.03693	
0.02791	0.04771	0.07837	0.09222	0.07837	0.04771	0.02791	
0.03693	0.04741	0.06162	0.06738	0.06162	0.04741	0.03693	
0.06595	0.05492	0.04101	0.03555	0.04101	0.05492	0.06595	
0.08866	0.06339	0.03528	0.02556	0.03528	0.06339	0.08866	
0.06595	0.05492	0.04101	0.03555	0.04101	0.05492	0.06595	
z = 3.5

0.03693	0.04741	0.06162	0.06738	0.06162	0.04741	0.03693	
0.02791	0.04771	0.07837	0.09222	0.07837	0.04771	0.02791	
0.03693	0.04741	0.06162	0.06738	0.06162	0.04741	0.03693	
0.06595	0.05492	0.04101	0.03555	0.04101	0.05492	0.06595	
0.08866	0.06339	0.03528	0.02556	0.03528	0.06339	0.08866	
0.06595	0.05492	0.04101	0.03555	0.04101	0.05492	0.06595	
z = 4.5

0.03693	0.04741	0.06162	0.06738	0.06162	0.04741	0.03693	
0.02791	0.04771	0.07837	0.09222	0.07837	0.04771	0.02791	
0.03693	0.04741	0.06162	0.06738	0.06162	0.04741	0.03693	
0.06595	0.05492	0.04101	0.03555	0.04101	0.05492	0.06595	
0.08866	0.06339	0.03528	0.02556	0.03528	0.06339	0.08866	
0.06595	0.05492	0.04101	0.03555	0.04101	0.05492	0.06595	
c = 2
z = 0.5

0.06595	0.05492	0.04101	0.03555	0.04101	0.05492	0.06595	
0.08866	0.06339	0.03528	0.02556	0.03528	0.06339	0.08866	
0.06595	0.05492	0.04101	0.03555	0.04101	0.05492	0.06595	
0.03693	0.04741	0.06162	0.06738	0.06162	0.04741	0.03693	
0.02791	0.04771	0.07837	0.09222	0.07837	0.04771	0.02791	
0.03693	0.04741	0.06162	0.06738	0.06162	0.04741	0.03693	
z = 1.5

0.06595	0.05492	0.04101	0.03555	0.04101	0.05492	0.06595	
0.08866	0.06339	0.03528	0.02556	0.03528	0.06339	0.08866	
0.06595	0.05492	0.04101	0.03555	0.04101	0.05492	0.06595	
0.03693	0.04741	0.06162	0.06738	0.06162	0.04741	0.03693	
0.02791	0.04771	0.07837	0.09222	0.07837	0.04771	0.02791	
0.03693	0.04741	0.06162	0.06738	0.06162	0.04741	0.03693	
z = 2.5

0.06595	0.05492	0.04101	0.03555	0.04101	0.05492	0.06595	
0.08866	0.06339	0.03528	0.02556	0.03528	0.06339	0.08866	
0.06595	0.05492	0.04101	0.03555	0.04101	0.05492	0.06595	
0.03693	0.04741	0.06162	0.06738	0.06162	0.04741	0.03693	
0.02791	0.04771	0.07837	0.09222	0.07837	0.04771	0.02791	
0.03693	0.04741	0.06162	0.06738	0.06162	0.04741	0.03693	
z = 3.5

0.06595	0.05492	0.04101	0.03555	0.04101	0.05492	0.06595	
0.08866	0.06339	0.03528	0.02556	0.03528	0.06339	0.08866	
0.06595	0.05492	0.04101	0.03555	0.04101	0.05492	0.06595	
0.03693	0.04741	0.06162	0.06738	0.06162	0.04741	0.03693	
0.02791	0.04771	0.07837	0.09222	0.07837	0.04771	0.02791	
0.03693	0.04741	0.06162	0.06738	0.06162	0.04741	0.03693	
z = 4.5

0.06595	0.05492	0.04101	0.03555	0.04101	0.05492	0.06595	
0.08866	0.06339	0.03528	0.02556	0.03528	0.06339	0.08866	
0.06595	0.05492	0.04101	0.03555	0.04101	0.05492	0.06595	
0.03693	0.04741	0.06162	0.06738	0.06162	0.04741	0.03693	
0.02791	0.04771	0.07837	0.09222	0.07837	0.04771	0.02791	
0.03693	0.04741	0.06162	0.06738	0.06162	0.04741	0.03693	
c = 3
z = 0.5

0.06085	0.08076	0.07288	0.04908	0.03451	0.03193	0.0401	
0.05008	0.05503	0.05279	0.04889	0.05279	0.05503	0.05008	
0.0401	0.03193	0.03451	0.04908	0.07288	0.08076	0.06085	
0.0401	0.03193	0.03451	0.04908	0.07288	0.08076	0.06085	
0.05008	0.05503	0.05279	0.04889	0.05279	0.05503	0.05008	
0.06085	0.08076	0.07288	0.04908	0.03451	0.03193	0.0401	
z = 1.5

0.06085	0.08076	0.07288	0.04908	0.03451	0.03193	0.0401	
0.05008	0.05503	0.05279	0.04889	0.05279	0.05503	0.05008	
0.0401	0.03193	0.03451	0.04908	0.07288	0.08076	0.06085	
0.0401	0.03193	0.03451	0.04908	0.07288	0.08076	0.06085	
0.05008	0.05503	0.05279	0.04889	0.05279	0.05503	0.05008	
0.06085	0.08076	0.07288	0.04908	0.03451	0.03193	0.0401	
z = 2.5

0.06085	0.08076	0.07288	0.04908	0.03451	0.03193	0.0401	
0.05008	0.05503	0.05279	0.04889	0.05279	0.05503	0.05008	
0.0401	0.03193	0.03451	0.04908	0.07288	0.08076	0.06085	
0.0401	0.03193	0.03451	0.04908	0.07288	0.08076	0.06085	
0.05008	0.05503	0.05279	0.04889	0.05279	0.05503	0.05008	
0.06085	0.08076	0.07288	0.04908	0.03451	0.03193	0.0401	
z = 3.5

0.06085	0.08076	0.07288	0.04908	0.03451	0.03193	0.0401	
0.05008	0.05503	0.05279	0.04889	0.05279	0.05503	0.05008	
0.0401	0.03193	0.03451	0.04908	0.07288	0.08076	0.06085	
0.0401	0.03193	0.03451	0.04908	0.07288	0.08076	0.06085	
0.05008	0.05503	0.05279	0.04889	0.05279	0.05503	0.05008	
0.06085	0.08076	0.07288	0.04908	0.03451	0.03193	0.0401	
z = 4.5

0.06085	0.08076	0.07288	0.04908	0.03451	0.03193	0.0401	
0.05008	0.05503	0.05279	0.04889	0.05279	0.05503	0.05008	
0.0401	0.03193	0.03451	0.04908	0.07288	0.08076	0.06085	
0.0401	0.03193	0.03451	0.04908	0.07288	0.08076	0.06085	
0.05008	0.05503	0.05279	0.04889	0.05279	0.05503	0.05008	
0.06085	0.08076	0.07288	0.04908	0.03451	0.03193	0.0401	
c = 4
z = 0.5

0.0401	0.03193	0.03451	0.04908	0.07288	0.08076	0.06085	
0.05008	0.05503	0.05279	0.04889	0.05279	0.05503	0.05008	
0.06085	0.08076	0.07288	0.04908	0.03451	0.03193	0.0401	
0.06085	0.08076	0.07288	0.04908	0.03451	0.03193	0.0401	
0.05008	0.05503	0.05279	0.04889	0.05279	0.05503	0.05008	
0.0401	0.03193	0.03451	0.04908	0.07288	0.08076	0.06085	
z = 1.5

0.0401	0.03193	0.03451	0.04908	0.07288	0.08076	0.06085	
0.05008	0.05503	0.05279	0.04889	0.05279	0.05503	0.05008	
0.06085	0.08076	0.07288	0.04908	0.03451	0.03193	0.0401	
0.06085	0.08076	0.07288	0.04908	0.03451	0.03193	0.0401	
0.05008	0.05503	0.05279	0.04889	0.05279	0.05503	0.05008	
0.0401	0.03193	0.03451	0.04908	0.07288	0.08076	0.06085	
z = 2.5

0.0401	0.03193	0.03451	0.04908	0.07288	0.08076	0.06085	
0.05008	0.05503	0.05279	0.04889	0.05279	0.05503	0.05008	
0.06085	0.08076	0.07288	0.04908	0.03451	0.03193	0.0401	
0.06085	0.08076	0.07288	0.04908	0.03451	0.03193	0.0401	
0.05008	0.05503	0.05279	0.04889	0.05279	0.05503	0.05008	
0.0401	0.03193	0.03451	0.04908	0.07288	0.08076	0.06085	
z = 3.5

0.0401	0.03193	0.03451	0.04908	0.07288	0.08076	0.06085	
0.05008	0.05503	0.05279	0.04889	0.05279	0.05503	0.05008	
0.06085	0.08076	0.07288	0.04908	0.03451	0.03193	0.0401	
0.06085	0.08076	0.07288	0.04908	0.03451	0.03193	0.0401	
0.05008	0.05503	0.05279	0.04889	0.05279	0.05503	0.05008	
0.0401	0.03193	0.03451	0.04908	0.07288	0.08076	0.06085	
z = 4.5

0.0401	0.03193	0.03451	0.04908	0.07288	0.08076	0.06085	
0.05008	0.05503	0.05279	0.04889	0.05279	0.05503	0.05008	
0.06085	0.08076	0.07288	0.04908	0.03451	0.03193	0.0401	
0.06085	0.08076	0.07288	0.04908	0.03451	0.03193	0.0401	
0.05008	0.05503	0.05279	0.04889	0.05279	0.05503	0.05008	
0.0401	0.03193	0.03451	0.04908	0.07288	0.08076	0.06085	
c = 5
z = 0.5

0.09135	0.0949	0.09333	0.09046	0.09333	0.0949	0.09135	
0.0939	0.1008	0.09772	0.09222	0.09772	0.1008	0.0939	
0.09135	0.0949	0.09333	0.09046	0.09333	0.0949	0.09135	
0.09135	0.0949	0.09333	0.09046	0.09333	0.0949	0.09135	
0.0939	0.1008	0.09772	0.09222	0.09772	0.1008	0.0939	
0.09135	0.0949	0.09333	0.09046	0.09333	0.0949	0.09135	
z = 1.5

0.09135	0.0949	0.09333	0.09046	0.09333	0.0949	0.09135	
0.0939	0.1008	0.09772	0.09222	0.09772	0.1008	0.0939	
0.09135	0.0949	0.09333	0.09046	0.09333	0.0949	0.09135	
0.09135	0.0949	0.09333	0.09046	0.09333	0.0949	0.09135	
0.0939	0.1008	0.09772	0.09222	0.09772	0.1008	0.0939	
0.09135	0.0949	0.09333	0.09046	0.09333	0.0949	0.09135	
z = 2.5

0.09135	0.0949	0.09333	0.09046	0.09333	0.0949	0.09135	
0.0939	0.1008	0.09772	0.09222	0.09772	0.1008	0.0939	
0.09135	0.0949	0.09333	0.09046	0.09333	0.0949	0.09135	
0.09135	0.0949	0.09333	0.09046	0.09333	0.0949	0.09135	
0.0939	0.1008	0.09772	0.09222	0.09772	0.1008	0.0939	
0.09135	0.0949	0.09333	0.09046	0.09333	0.0949	0.09135	
z = 3.5

0.09135	0.0949	0.09333	0.09046	0.09333	0.0949	0.09135	
0.0939	0.1008	0.09772	0.09222	0.09772	0.1008	0.0939	
0.09135	0.0949	0.09333	0.09046	0.09333	0.0949	0.09135	
0.09135	0.0949	0.09333	0.09046	0.09333	0.0949	0.09135	
0.0939	0.1008	0.09772	0.09222	0.09772	0.1008	0.0939	
0.09135	0.0949	0.09333	0.09046	0.09333	0.0949	0.09135	
z = 4.5

0.09135	0.0949	0.09333	0.09046	0.09333	0.0949	0.09135	
0.0939	0.1008	0.09772	0.09222	0.09772	0.1008	0.0939	
0.09135	0.0949	0.09333	0.09046	0.09333	0.0949	0.09135	
0.09135	0.0949	0.09333	0.09046	0.09333	0.0949	0.09135	
0.0939	0.1008	0.09772	0.09222	0.09772	0.1008	0.0939	
0.09135	0.0949	0.09333	0.09046	0.09333	0.0949	0.09135	
c = 6
z = 0.5

0.02693	0.02743	0.02721	0.02679	0.02721	0.02743	0.02693	
0.02648	0.03036	0.02861	0.02556	0.02861	0.03036	0.02648	
0.02693	0.02743	0.02721	0.02679	0.02721	0.02743	0.02693	
0.02693	0.02743	0.02721	0.02679	0.02721	0.02743	0.02693	
0.02648	0.03036	0.02861	0.02556	0.02861	0.03036	0.02648	
0.02693	0.02743	0.02721	0.02679	0.02721	0.02743	0.02693	
z = 1.5

0.02693	0.02743	0.02721	0.02679	0.02721	0.02743	0.02693	
0.02648	0.03036	0.02861	0.02556	0.02861	0.03036	0.02648	
0.02693	0.02743	0.02721	0.02679	0.02721	0.02743	0.02693	
0.02693	0.02743	0.02721	0.02679	0.02721	0.02743	0.02693	
0.02648	0.03036	0.02861	0.02556	0.02861	0.03036	0.02648	
0.02693	0.02743	0.02721	0.02679	0.02721	0.02743	0.02693	
z = 2.5

0.02693	0.02743	0.02721	0.02679	0.02721	0.02743	0.02693	
0.02648	0.03036	0.02861	0.02556	0.02861	0.03036	0.02648	
0.02693	0.02743	0.02721	0.02679	0.02721	0.02743	0.02693	
0.02693	0.02743	0.02721	0.02679	0.02721	0.02743	0.02693	
0.02648	0.03036	0.02861	0.02556	0.02861	0.03036	0.02648	
0.02693	0.02743	0.02721	0.02679	0.02721	0.02743	0.02693	
z = 3.5

0.02693	0.02743	0.02721	0.02679	0.02721	0.02743	0.02693	
0.02648	0.03036	0.02861	0.02556	0.02861	0.03036	0.02648	
0.02693	0.02743	0.02721	0.02679	0.02721	0.02743	0.02693	
0.02693	0.02743	0.02721	0.02679	0.02721	0.02743	0.02693	
0.02648	0.03036	0.02861	0.02556	0.02861	0.03036	0.02648	
0.02693	0.02743	0.02721	0.02679	0.02721	0.02743	0.02693	
z = 4.5

0.02693	0.02743	0.02721	0.02679	0.02721	0.02743	0.02693	
0.02648	0.03036	0.02861	0.02556	0.02861	0.03036	0.02648	
0.02693	0.02743	0.02721	0.02679	0.02721	0.02743	0.02693	
0.02693	0.02743	0.02721	0.02679	0.02721	0.02743	0.02693	
0.02648	0.03036	0.02861	0.02556	0.02861	0.03036	0.02648	
0.02693	0.02743	0.02721	0.02679	0.02721	0.02743	0.02693	
c = 7
z = 0.5

0.02275	0.03775	0.04387	0.03369	0.02109	0.01497	0.01518	
0.01396	0.02385	0.03918	0.04611	0.03918	0.02385	0.01396	
0.01518	0.01497	0.02109	0.03369	0.04387	0.03775	0.02275	
0.02688	0.01709	0.01438	0.01777	0.02997	0.04313	0.04006	
0.04433	0.03169	0.01764	0.01278	0.01764	0.03169	0.04433	
0.04006	0.04313	0.02997	0.01777	0.01438	0.01709	0.02688	
z = 1.5

0.02275	0.03775	0.04387	0.03369	0.02109	0.01497	0.01518	
0.01396	0.02385	0.03918	0.04611	0.03918	0.02385	0.01396	
0.01518	0.01497	0.02109	0.03369	0.04387	0.03775	0.02275	
0.02688	0.01709	0.01438	0.01777	0.02997	0.04313	0.04006	
0.04433	0.03169	0.01764	0.01278	0.01764	0.03169	0.04433	
0.04006	0.04313	0.02997	0.01777	0.01438	0.01709	0.02688	
z = 2.5

0.02275	0.03775	0.04387	0.03369	0.02109	0.01497	0.01518	
0.01396	0.02385	0.03918	0.04611	0.03918	0.02385	0.01396	
0.01518	0.01497	0.02109	0.03369	0.04387	0.03775	0.02275	
0.02688	0.01709	0.01438	0.01777	0.02997	0.04313	0.04006	
0.04433	0.03169	0.01764	0.01278	0.01764	0.03169	0.04433	
0.04006	0.04313	0.02997	0.01777	0.01438	0.01709	0.02688	
z = 3.5

0.02275	0.03775	0.04387	0.03369	0.02109	0.01497	0.01518	
0.01396	0.02385	0.03918	0.04611	0.03918	0.02385	0.01396	
0.01518	0.01497	0.02109	0.03369	0.04387	0.03775	0.02275	
0.02688	0.01709	0.01438	0.01777	0.02997	0.04313	0.04006	
0.04433	0.03169	0.01764	0.01278	0.01764	0.03169	0.04433	
0.04006	0.04313	0.02997	0.01777	0.01438	0.01709	0.02688	
z = 4.5

0.02275	0.03775	0.04387	0.03369	0.02109	0.01497	0.01518	
0.01396	0.02385	0.03918	0.04611	0.03918	0.02385	0.01396	
0.01518	0.01497	0.02109	0.03369	0.04387	0.03775	0.02275	
0.02688	0.01709	0.01438	0.01777	0.02997	0.04313	0.04006	
0.04433	0.03169	0.01764	0.01278	0.01764	0.03169	0.04433	
0.04006	0.04313	0.02997	0.01777	0.01438	0.01709	0.02688	
c = 8
z = 0.5

0.02688	0.01709	0.01438	0.01777	0.02997	0.04313	0.04006	
0.04433	0.03169	0.01764	0.01278	0.01764	0.03169	0.04433	
0.04006	0.04313	0.02997	0.01777	0.01438	0.01709	0.02688	
0.02275	0.03775	0.04387	0.03369	0.02109	0.01497	0.01518	
0.01396	0.02385	0.03918	0.04611	0.03918	0.02385	0.01396	
0.01518	0.01497	0.02109	0.03369	0.04387	0.03775	0.02275	
z = 1.5

0.02688	0.01709	0.01438	0.01777	0.02997	0.04313	0.04006	
0.04433	0.03169	0.01764	0.01278	0.01764	0.03169	0.04433	
0.04006	0.04313	0.02997	0.01777	0.01438	0.01709	0.02688	
0.02275	0.03775	0.04387	0.03369	0.02109	0.01497	0.01518	
0.01396	0.02385	0.03918	0.04611	0.03918	0.02385	0.01396	
0.01518	0.01497	0.02109	0.03369	0.04387	0.03775	0.02275	
z = 2.5

0.02688	0.01709	0.01438	0.01777	0.02997	0.04313	0.04006	
0.04433	0.03169	0.01764	0.01278	0.01764	0.03169	0.04433	
0.04006	0.04313	0.02997	0.01777	0.01438	0.01709	0.02688	
0.02275	0.03775	0.04387	0.03369	0.02109	0.01497	0.01518	
0.01396	0.02385	0.03918	0.04611	0.03918	0.02385	0.01396	
0.01518	0.01497	0.02109	0.03369	0.04387	0.03775	0.02275	
z = 3.5

0.02688	0.01709	0.01438	0.01777	0.02997	0.04313	0.04006	
0.04433	0.03169	0.01764	0.01278	0.01764	0.03169	0.04433	
0.04006	0.04313	0.02997	0.01777	0.01438	0.01709	0.02688	
0.02275	0.03775	0.04387	0.03369	0.02109	0.01497	0.01518	
0.01396	0.02385	0.03918	0.04611	0.03918	0.02385	0.01396	
0.01518	0.01497	0.02109	0.03369	0.04387	0.03775	0.02275	
z = 4.5

0.02688	0.01709	0.01438	0.01777	0.02997	0.04313	0.04006	
0.04433	0.03169	0.01764	0.01278	0.01764	0.03169	0.04433	
0.04006	0.04313	0.02997	0.01777	0.01438	0.01709	0.02688	
0.02275	0.03775	0.04387	0.03369	0.02109	0.01497	0.01518	
0.01396	0.02385	0.03918	0.04611	0.03918	0.02385	0.01396	
0.01518	0.01497	0.02109	0.03369	0.04387	0.03775	0.02275	
c = 9
z = 0.5

0.01518	0.01497	0.02109	0.03369	0.04387	0.03775	0.02275	
0.01396	0.02385	0.03918	0.04611	0.03918	0.02385	0.01396	
0.02275	0.03775	0.04387	0.03369	0.02109	0.01497	0.01518	
0.04006	0.04313	0.02997	0.01777	0.01438	0.01709	0.02688	
0.04433	0.03169	0.01764	0.01278	0.01764	0.03169	0.04433	
0.02688	0.01709	0.01438	0.01777	0.02997	0.04313	0.04006	
z = 1.5

0.01518	0.01497	0.02109	0.03369	0.04387	0.03775	0.02275	
0.01396	0.02385	0.03918	0.04611	0.03918	0.02385	0.01396	
0.02275	0.03775	0.04387	0.03369	0.02109	0.01497	0.01518	
0.04006	0.04313	0.02997	0.01777	0.01438	0.01709	0.02688	
0.04433	0.03169	0.01764	0.01278	0.01764	0.03169	0.04433	
0.02688	0.01709	0.01438	0.01777	0.02997	0.04313	0.04006	
z = 2.5

0.01518	0.01497	0.02109	0.03369	0.04387	0.03775	0.02275	
0.01396	0.02385	0.03918	0.04611	0.03918	0.02385	0.01396	
0.02275	0.03775	0.04387	0.03369	0.02109	0.01497	0.01518	
0.04006	0.04313	0.02997	0.01777	0.01438	0.01709	0.02688	
0.04433	0.03169	0.01764	0.01278	0.01764	0.03169	0.04433	
0.02688	0.01709	0.01438	0.01777	0.02997	0.04313	0.04006	
z = 3.5

0.01518	0.01497	0.02109	0.03369	0.04387	0.03775	0.02275	
0.01396	0.02385	0.03918	0.04611	0.03918	0.02385	0.01396	
0.02275	0.03775	0.04387	0.03369	0.02109	0.01497	0.01518	
0.04006	0.04313	0.02997	0.01777	0.01438	0.01709	0.02688	
0.04433	0.03169	0.01764	0.01278	0.01764	0.03169	0.04433	
0.02688	0.01709	0.01438	0.01777	0.02997	0.04313	0.04006	
z = 4.5

0.01518	0.01497	0.02109	0.03369	0.04387	0.03775	0.02275	
0.01396	0.02385	0.03918	0.04611	0.03918	0.02385	0.01396	
0.02275	0.03775	0.04387	0.03369	0.02109	0.01497	0.01518	
0.04006	0.04313	0.02997	0.01777	0.01438	0.01709	0.02688	
0.04433	0.03169	0.01764	0.01278	0.01764	0.03169	0.04433	
0.02688	0.01709	0.01438	0.01777	0.02997	0.04313	0.04006	
c = 10
z = 0.5

0.04006	0.04313	0.02997	0.01777	0.01438	0.01709	0.02688	
0.04433	0.03169	0.01764	0.01278	0.01764	0.03169	0.04433	
0.02688	0.01709	0.01438	0.01777	0.02997	0.04313	0.04006	
0.01518	0.01497	0.02109	0.03369	0.04387	0.03775	0.02275	
0.01396	0.02385	0.03918	0.04611	0.03918	0.02385	0.01396	
0.02275	0.03775	0.04387	0.03369	0.02109	0.01497	0.01518	
z = 1.5

0.04006	0.04313	0.02997	0.01777	0.01438	0.01709	0.02688	
0.04433	0.03169	0.01764	0.01278	0.01764	0.03169	0.04433	
0.02688	0.01709	0.01438	0.01777	0.02997	0.04313	0.04006	
0.01518	0.01497	0.02109	0.03369	0.04387	0.03775	0.02275	
0.01396	0.02385	0.03918	0.04611	0.03918	0.02385	0.01396	
0.02275	0.03775	0.04387	0.03369	0.02109	0.01497	0.01518	
z = 2.5

0.04006	0.04313	0.02997	0.01777	0.01438	0.01709	0.02688	
0.04433	0.03169	0.01764	0.01278	0.01764	0.03169	0.04433	
0.02688	0.01709	0.01438	0.01777	0.02997	0.04313	0.04006	
0.01518	0.01497	0.02109	0.03369	0.04387	0.03775	0.02275	
0.01396	0.02385	0.03918	0.04611	0.03918	0.02385	0.01396	
0.02275	0.03775	0.04387	0.03369	0.02109	0.01497	0.01518	
z = 3.5

0.04006	0.04313	0.02997	0.01777	0.01438	0.01709	0.02688	
0.04433	0.03169	0.01764	0.01278	0.01764	0.03169	0.04433	
0.02688	0.01709	0.01438	0.01777	0.02997	0.04313	0.04006	
0.01518	0.01497	0.02109	0.03369	0.04387	0.03775	0.02275	
0.01396	0.02385	0.03918	0.04611	0.03918	0.02385	0.01396	
0.02275	0.03775	0.04387	0.03369	0.02109	0.01497	0.01518	
z = 4.5

0.04006	0.04313	0.02997	0.01777	0.01438	0.01709	0.02688	
0.04433	0.03169	0.01764	0.01278	0.01764	0.03169	0.04433	
0.02688	0.01709	0.01438	0.01777	0.02997	0.04313	0.04006	
0.01518	0.01497	0.02109	0.03369	0.04387	0.03775	0.02275	
0.01396	0.02385	0.03918	0.04611	0.03918	0.02385	0.01396	
0.02275	0.03775	0.04387	0.03369	0.02109	0.01497	0.01518	
c = 11
z = 0.5

0.05447	0.06963	0.06368	0.04523	0.03299	0.03057	0.03788	
0.04695	0.05042	0.04886	0.04611	0.04886	0.05042	0.04695	
0.03788	0.03057	0.03299	0.04523	0.06368	0.06963	0.05447	
0.03788	0.03057	0.03299	0.04523	0.06368	0.06963	0.05447	
0.04695	0.05042	0.04886	0.04611	0.04886	0.05042	0.04695	
0.05447	0.06963	0.06368	0.04523	0.03299	0.03057	0.03788	
z = 1.5

0.05447	0.06963	0.06368	0.04523	0.03299	0.03057	0.03788	
0.04695	0.05042	0.04886	0.04611	0.04886	0.05042	0.04695	
0.03788	0.03057	0.03299	0.04523	0.06368	0.06963	0.05447	
0.03788	0.03057	0.03299	0.04523	0.06368	0.06963	0.05447	
0.04695	0.05042	0.04886	0.04611	0.04886	0.05042	0.04695	
0.05447	0.06963	0.06368	0.04523	0.03299	0.03057	0.03788	
z = 2.5

0.05447	0.06963	0.06368	0.04523	0.03299	0.03057	0.03788	
0.04695	0.05042	0.04886	0.04611	0.04886	0.05042	0.04695	
0.03788	0.03057	0.03299	0.04523	0.06368	0.06963	0.05447	
0.03788	0.03057	0.03299	0.04523	0.06368	0.06963	0.05447	
0.04695	0.05042	0.04886	0.04611	0.04886	0.05042	0.04695	
0.05447	0.06963	0.06368	0.04523	0.03299	0.03057	0.03788	
z = 3.5

0.05447	0.06963	0.06368	0.04523	0.03299	0.03057	0.03788	
0.04695	0.05042	0.04886	0.04611	0.04886	0.05042	0.04695	
0.03788	0.03057	0.03299	0.04523	0.06368	0.06963	0.05447	
0.03788	0.03057	0.03299	0.04523	0.06368	0.06963	0.05447	
0.04695	0.05042	0.04886	0.04611	0.04886	0.05042	0.04695	
0.05447	0.06963	0.06368	0.04523	0.03299	0.03057	0.03788	
z = 4.5

0.05447	0.06963	0.06368	0.04523	0.03299	0.03057	0.03788	
0.04695	0.05042	0.04886	0.04611	0.04886	0.05042	0.04695	
0.03788	0.03057	0.03299	0.04523	0.06368	0.06963	0.05447	
0.03788	0.03057	0.03299	0.04523	0.06368	0.06963	0.05447	
0.04695	0.05042	0.04886	0.04611	0.04886	0.05042	0.04695	
0.05447	0.06963	0.06368	0.04523	0.03299	0.03057	0.03788	
c = 12
z = 0.5

0.01189	0.01148	0.01144	0.0134	0.01911	0.02125	0.01604	
0.01324	0.01518	0.0143	0.01278	0.0143	0.01518	0.01324	
0.01604	0.02125	0.01911	0.0134	0.01144	0.01148	0.01189	
0.01604	0.02125	0.01911	0.0134	0.01144	0.01148	0.01189	
0.01324	0.01518	0.0143	0.01278	0.0143	0.01518	0.01324	
0.01189	0.01148	0.01144	0.0134	0.01911	0.02125	0.01604	
z = 1.5

0.01189	0.01148	0.01144	0.0134	0.01911	0.02125	0.01604	
0.01324	0.01518	0.0143	0.01278	0.0143	0.01518	0.01324	
0.01604	0.02125	0.01911	0.0134	0.01144	0.01148	0.01189	
0.01604	0.02125	0.01911	0.0134	0.01144	0.01148	0.01189	
0.01324	0.01518	0.0143	0.01278	0.0143	0.01518	0.01324	
0.01189	0.01148	0.01144	0.0134	0.01911	0.02125	0.01604	
z = 2.5

0.01189	0.01148	0.01144	0.0134	0.01911	0.02125	0.01604	
0.01324	0.01518	0.0143	0.01278	0.0143	0.01518	0.01324	
0.01604	0.02125	0.01911	0.0134	0.01144	0.01148	0.01189	
0.01604	0.02125	0.01911	0.0134	0.01144	0.01148	0.01189	
0.01324	0.01518	0.0143	0.01278	0.0143	0.01518	0.01324	
0.01189	0.01148	0.01144	0.0134	0.01911	0.02125	0.01604	
z = 3.5

0.01189	0.01148	0.01144	0.0134	0.01911	0.02125	0.01604	
0.01324	0.01518	0.0143	0.01278	0.0143	0.01518	0.01324	
0.01604	0.02125	0.01911	0.0134	0.01144	0.01148	0.01189	
0.01604	0.02125	0.01911	0.0134	0.01144	0.01148	0.01189	
0.01324	0.01518	0.0143	0.01278	0.0143	0.01518	0.01324	
0.01189	0.01148	0.01144	0.0134	0.01911	0.02125	0.01604	
z = 4.5

0.01189	0.01148	0.01144	0.0134	0.01911	0.02125	0.01604	
0.01324	0.01518	0.0143	0.01278	0.0143	0.01518	0.01324	
0.01604	0.02125	0.01911	0.0134	0.01144	0.01148	0.01189	
0.01604	0.02125	0.01911	0.0134	0.01144	0.01148	0.01189	
0.01324	0.01518	0.0143	0.01278	0.0143	0.01518	0.01324	
0.01189	0.01148	0.01144	0.0134	0.01911	0.02125	0.01604	
c = 13
z = 0.5

0.01604	0.02125	0.01911	0.0134	0.01144	0.01148	0.01189	
0.01324	0.01518	0.0143	0.01278	0.0143	0.01518	0.01324	
0.01189	0.01148	0.01144	0.0134	0.01911	0.02125	0.01604	
0.01189	0.01148	0.01144	0.0134	0.01911	0.02125	0.01604	
0.01324	0.01518	0.0143	0.01278	0.0143	0.01518	0.01324	
0.01604	0.02125	0.01911	0.0134	0.01144	0.01148	0.01189	
z = 1.5

0.01604	0.02125	0.01911	0.0134	0.01144	0.01148	0.01189	
0.01324	0.01518	0.0143	0.01278	0.0143	0.01518	0.01324	
0.01189	0.01148	0.01144	0.0134	0.01911	0.02125	0.01604	
0.01189	0.01148	0.01144	0.0134	0.01911	0.02125	0.01604	
0.01324	0.01518	0.0143	0.01278	0.0143	0.01518	0.01324	
0.01604	0.02125	0.01911	0.0134	0.01144	0.01148	0.01189	
z = 2.5

0.01604	0.02125	0.01911	0.0134	0.01144	0.01148	0.01189	
0.01324	0.01518	0.0143	0.01278	0.0143	0.01518	0.01324	
0.01189	0.01148	0.01144	0.0134	0.01911	0.02125	0.01604	
0.01189	0.01148	0.01144	0.0134	0.01911	0.02125	0.01604	
0.01324	0.01518	0.0143	0.01278	0.0143	0.01518	0.01324	
0.01604	0.02125	0.01911	0.0134	0.01144	0.01148	0.01189	
z = 3.5

0.01604	0.02125	0.01911	0.0134	0.01144	0.01148	0.01189	
0.01324	0.01518	0.0143	0.01278	0.0143	0.01518	0.01324	
0.01189	0.01148	0.01144	0.0134	0.01911	0.02125	0.01604	
0.01189	0.01148	0.01144	0.0134	0.01911	0.02125	0.01604	
0.01324	0.01518	0.0143	0.01278	0.0143	0.01518	0.01324	
0.01604	0.02125	0.01911	0.0134	0.01144	0.01148	0.01189	
z = 4.5

0.01604	0.02125	0.01911	0.0134	0.01144	0.01148	0.01189	
0.01324	0.01518	0.0143	0.01278	0.0143	0.01518	0.01324	
0.01189	0.01148	0.01144	0.0134	0.01911	0.02125	0.01604	
0.01189	0.01148	0.01144	0.0134	0.01911	0.02125	0.01604	
0.01324	0.01518	0.0143	0.01278	0.0143	0.01518	0.01324	
0.01604	0.02125	0.01911	0.0134	0.01144	0.01148	0.01189	
c = 14
z = 0.5

0.03788	0.03057	0.03299	0.04523	0.06368	0.06963	0.05447	
0.04695	0.05042	0.04886	0.04611	0.04886	0.05042	0.04695	
0.05447	0.06963	0.06368	0.04523	0.03299	0.03057	0.03788	
0.05447	0.06963	0.06368	0.04523	0.03299	0.03057	0.03788	
0.04695	0.05042	0.04886	0.04611	0.04886	0.05042	0.04695	
0.03788	0.03057	0.03299	0.04523	0.06368	0.06963	0.05447	
z = 1.5

0.03788	0.03057	0.03299	0.04523	0.06368	0.06963	0.05447	
0.04695	0.05042	0.04886	0.04611	0.04886	0.05042	0.04695	
0.05447	0.06963	0.06368	0.04523	0.03299	0.03057	0.03788	
0.05447	0.06963	0.06368	0.04523	0.03299	0.03057	0.03788	
0.04695	0.05042	0.04886	0.04611	0.04886	0.05042	0.04695	
0.03788	0.03057	0.03299	0.04523	0.06368	0.06963	0.05447	
z = 2.5

0.03788	0.03057	0.03299	0.04523	0.06368	0.06963	0.05447	
0.04695	0.05042	0.04886	0.04611	0.04886	0.05042	0.04695	
0.05447	0.06963	0.06368	0.04523	0.03299	0.03057	0.03788	
0.05447	0.06963	0.06368	0.04523	0.03299	0.03057	0.03788	
0.04695	0.05042	0.04886	0.04611	0.04886	0.05042	0.04695	
0.03788	0.03057	0.03299	0.04523	0.06368	0.06963	0.05447	
z = 3.5

0.03788	0.03057	0.03299	0.04523	0.06368	0.06963	0.05447	
0.04695	0.05042	0.04886	0.04611	0.04886	0.05042	0.04695	
0.05447	0.06963	0.06368	0.04523	0.03299	0.03057	0.03788	
0.05447	0.06963	0.06368	0.04523	0.03299	0.03057	0.03788	
0.04695	0.05042	0.04886	0.04611	0.04886	0.05042	0.04695	
0.03788	0.03057	0.03299	0.04523	0.06368	0.06963	0.05447	
z = 4.5

0.03788	0.03057	0.03299	0.04523	0.06368	0.06963	0.05447	
0.04695	0.05042	0.04886	0.04611	0.04886	0.05042	0.04695	
0.05447	0.06963	0.06368	0.04523	0.03299	0.03057	0.03788	
0.05447	0.06963	0.06368	0.04523	0.03299	0.03057	0.03788	
0.04695	0.05042	0.04886	0.04611	0.04886	0.05042	0.04695	
0.03788	0.03057	0.03299	0.04523	0.06368	0.06963	0.05447	
c = 15
z = 0.5

0.03505	0.04451	0.05539	0.05916	0.05539	0.04451	0.03505	
0.02676	0.0444	0.06811	0.07778	0.06811	0.0444	0.02676	
0.03505	0.04451	0.05539	0.05916	0.05539	0.04451	0.03505	
0.05826	0.05051	0.0389	0.03369	0.0389	0.05051	0.05826	
0.07535	0.05695	0.03364	0.02444	0.03364	0.05695	0.07535	
0.05826	0.05051	0.0389	0.03369	0.0389	0.05051	0.05826	
z = 1.5

0.03505	0.04451	0.05539	0.05916	0.05539	0.04451	0.03505	
0.02676	0.0444	0.06811	0.07778	0.06811	0.0444	0.02676	
0.03505	0.04451	0.05539	0.05916	0.05539	0.04451	0.03505	
0.05826	0.05051	0.0389	0.03369	0.0389	0.05051	0.05826	
0.07535	0.05695	0.03364	0.02444	0.03364	0.05695	0.07535	
0.05826	0.05051	0.0389	0.03369	0.0389	0.05051	0.05826	
z = 2.5

0.03505	0.04451	0.05539	0.05916	0.05539	0.04451	0.03505	
0.02676	0.0444	0.06811	0.07778	0.06811	0.0444	0.02676	
0.03505	0.04451	0.05539	0.05916	0.05539	0.04451	0.03505	
0.05826	0.05051	0.0389	0.03369	0.0389	0.05051	0.05826	
0.07535	0.05695	0.03364	0.02444	0.03364	0.05695	0.07535	
0.05826	0.05051	0.0389	0.03369	0.0389	0.05051	0.05826	
z = 3.5

0.03505	0.04451	0.05539	0.05916	0.05539	0.04451	0.03505	
0.02676	0.0444	0.06811	0.07778	0.06811	0.0444	0.02676	
0.03505	0.04451	0.05539	0.05916	0.05539	0.04451	0.03505	
0.05826	0.05051	0.0389	0.03369	0.0389	0.05051	0.05826	
0.07535	0.05695	0.03364	0.02444	0.03364	0.05695	0.07535	
0.05826	0.05051	0.0389	0.03369	0.0389	0.05051	0.05826	
z = 4.5

0.03505	0.04451	0.05539	0.05916	0.05539	0.04451	0.03505	
0.02676	0.0444	0.06811	0.07778	0.06811	0.0444	0.02676	
0.03505	0.04451	0.05539	0.05916	0.05539	0.04451	0.03505	
0.05826	0.05051	0.0389	0.03369	0.0389	0.05051	0.05826	
0.07535	0.05695	0.03364	0.02444	0.03364	0.05695	0.07535	
0.05826	0.05051	0.0389	0.03369	0.0389	0.05051	0.05826	
c = 16
z = 0.5

0.01735	0.01453	0.01203	0.01141	0.01203	0.01453	0.01735	
0.02342	0.01701	0.01201	0.01111	0.01201	0.01701	0.02342	
0.01735	0.01453	0.01203	0.01141	0.01203	0.01453	0.01735	
0.01154	0.01303	0.01615	0.01777	0.01615	0.01303	0.01154	
0.01127	0.01387	0.02063	0.02444	0.02063	0.01387	0.01127	
0.01154	0.01303	0.01615	0.01777	0.01615	0.01303	0.01154	
z = 1.5

0.01735	0.01453	0.01203	0.01141	0.01203	0.01453	0.01735	
0.02342	0.01701	0.01201	0.01111	0.01201	0.01701	0.02342	
0.01735	0.01453	0.01203	0.01141	0.01203	0.01453	0.01735	
0.01154	0.01303	0.01615	0.01777	0.01615	0.01303	0.01154	
0.01127	0.01387	0.02063	0.02444	0.02063	0.01387	0.01127	
0.01154	0.01303	0.01615	0.01777	0.01615	0.01303	0.01154	
z = 2.5

0.01735	0.01453	0.01203	0.01141	0.01203	0.01453	0.01735	
0.02342	0.01701	0.01201	0.01111	0.01201	0.01701	0.02342	
0.01735	0.01453	0.01203	0.01141	0.01203	0.01453	0.01735	
0.01154	0.01303	0.01615	0.01777	0.01615	0.01303	0.01154	
0.01127	0.01387	0.02063	0.02444	0.02063	0.01387	0.01127	
0.01154	0.01303	0.01615	0.01777	0.01615	0.01303	0.01154	
z = 3.5

0.01735	0.01453	0.01203	0.01141	0.01203	0.01453	0.01735	
0.02342	0.01701	0.01201	0.01111	0.01201	0.01701	0.02342	
0.01735	0.01453	0.01203	0.01141	0.01203	0.01453	0.01735	
0.01154	0.01303	0.01615	0.01777	0.01615	0.01303	0.01154	
0.01127	0.01387	0.02063	0.02444	0.02063	0.01387	0.01127	
0.01154	0.01303	0.01615	0.01777	0.01615	0.01303	0.01154	
z = 4.5

0.01735	0.01453	0.01203	0.01141	0.01203	0.01453	0.01735	
0.02342	0.01701	0.01201	0.01111	0.01201	0.01701	0.02342	
0.01735	0.01453	0.01203	0.01141	0.01203	0.01453	0.01735	
0.01154	0.01303	0.01615	0.01777	0.01615	0.01303	0.01154	
0.01127	0.01387	0.02063	0.02444	0.02063	0.01387	0.01127	
0.01154	0.01303	0.01615	0.01777	0.01615	0.01303	0.01154	
c = 17
z = 0.5

0.05826	0.05051	0.0389	0.03369	0.0389	0.05051	0.05826	
0.07535	0.05695	0.03364	0.02444	0.03364	0.05695	0.07535	
0.05826	0.05051	0.0389	0.03369	0.0389	0.05051	0.05826	
0.03505	0.04451	0.05539	0.05916	0.05539	0.04451	0.03505	
0.02676	0.0444	0.06811	0.07778	0.06811	0.0444	0.02676	
0.03505	0.04451	0.05539	0.05916	0.05539	0.04451	0.03505	
z = 1.5

0.05826	0.05051	0.0389	0.03369	0.0389	0.05051	0.05826	
0.07535	0.05695	0.03364	0.02444	0.03364	0.05695	0.07535	
0.05826	0.05051	0.0389	0.03369	0.0389	0.05051	0.05826	
0.03505	0.04451	0.05539	0.05916	0.05539	0.04451	0.03505	
0.02676	0.0444	0.06811	0.07778	0.06811	0.0444	0.02676	
0.03505	0.04451	0.05539	0.05916	0.05539	0.04451	0.03505	
z = 2.5

0.05826	0.05051	0.0389	0.03369	0.0389	0.05051	0.05826	
0.07535	0.05695	0.03364	0.02444	0.03364	0.05695	0.07535	
0.05826	0.05051	0.0389	0.03369	0.0389	0.05051	0.05826	
0.03505	0.04451	0.05539	0.05916	0.05539	0.04451	0.03505	
0.02676	0.0444	0.06811	0.07778	0.06811	0.0444	0.02676	
0.03505	0.04451	0.05539	0.05916	0.05539	0.04451	0.03505	
z = 3.5

0.05826	0.05051	0.0389	0.03369	0.0389	0.05051	0.05826	
0.07535	0.05695	0.03364	0.02444	0.03364	0.05695	0.07535	
0.05826	0.05051	0.0389	0.03369	0.0389	0.05051	0.05826	
0.03505	0.04451	0.05539	0.05916	0.05539	0.04451	0.03505	
0.02676	0.0444	0.06811	0.07778	0.06811	0.0444	0.02676	
0.03505	0.04451	0.05539	0.05916	0.05539	0.04451	0.03505	
z = 4.5

0.05826	0.05051	0.0389	0.03369	0.0389	0.05051	0.05826	
0.07535	0.05695	0.03364	0.02444	0.03364	0.05695	0.07535	
0.05826	0.05051	0.0389	0.03369	0.0389	0.05051	0.05826	
0.03505	0.04451	0.05539	0.05916	0.05539	0.04451	0.03505	
0.02676	0.0444	0.06811	0.07778	0.06811	0.0444	0.02676	
0.03505	0.04451	0.05539	0.05916	0.05539	0.04451	0.03505	
c = 18
z = 0.5

0.01154	0.01303	0.01615	0.01777	0.01615	0.01303	0.01154	
0.01127	0.01387	0.02063	0.02444	0.02063	0.01387	0.01127	
0.01154	0.01303	0.01615	0.01777	0.01615	0.01303	0.01154	
0.01735	0.01453	0.01203	0.01141	0.01203	0.01453	0.01735	
0.02342	0.01701	0.01201	0.01111	0.01201	0.01701	0.02342	
0.01735	0.01453	0.01203	0.01141	0.01203	0.01453	0.01735	
z = 1.5

0.01154	0.01303	0.01615	0.01777	0.01615	0.01303	0.01154	
0.01127	0.01387	0.02063	0.02444	0.02063	0.01387	0.01127	
0.01154	0.01303	0.01615	0.01777	0.01615	0.01303	0.01154	
0.01735	0.01453	0.01203	0.01141	0.01203	0.01453	0.01735	
0.02342	0.01701	0.01201	0.01111	0.01201	0.01701	0.02342	
0.01735	0.01453	0.01203	0.01141	0.01203	0.01453	0.01735	
z = 2.5

0.01154	0.01303	0.01615	0.01777	0.01615	0.01303	0.01154	
0.01127	0.01387	0.02063	0.02444	0.02063	0.01387	0.01127	
0.01154	0.01303	0.01615	0.01777	0.01615	0.01303	0.01154	
0.01735	0.01453	0.01203	0.01141	0.01203	0.01453	0.01735	
0.02342	0.01701	0.01201	0.01111	0.01201	0.01701	0.02342	
0.01735	0.01453	0.01203	0.01141	0.01203	0.01453	0.01735	
z = 3.5

0.01154	0.01303	0.01615	0.01777	0.01615	0.01303	0.01154	
0.01127	0.01387	0.02063	0.02444	0.02063	0.01387	0.01127	
0.01154	0.01303	0.01615	0.01777	0.01615	0.01303	0.01154	
0.01735	0.01453	0.01203	0.01141	0.01203	0.01453	0.01735	
0.02342	0.01701	0.01201	0.01111	0.01201	0.01701	0.02342	
0.01735	0.01453	0.01203	0.01141	0.01203	0.01453	0.01735	
z = 4.5

0.01154	0.01303	0.01615	0.01777	0.01615	0.01303	0.01154	
0.01127	0.01387	0.02063	0.02444	0.02063	0.01387	0.01127	
0.01154	0.01303	0.01615	0.01777	0.01615	0.01303	0.01154	
0.01735	0.01453	0.01203	0.01141	0.01203	0.01453	0.01735	
0.02342	0.01701	0.01201	0.01111	0.01201	0.01701	0.02342	
0.01735	0.01453	0.01203	0.01141	0.01203	0.01453	0.01735	
c = 19
z = 0.5

0.2968	0.3063	0.3021	0.2945	0.3021	0.3063	0.2968	
0.3005	0.3302	0.3168	0.2933	0.3168	0.3302	0.3005	
0.2968	0.3063	0.3021	0.2945	0.3021	0.3063	0.2968	
0.2968	0.3063	0.3021	0.2945	0.3021	0.3063	0.2968	
0.3005	0.3302	0.3168	0.2933	0.3168	0.3302	0.3005	
0.2968	0.3063	0.3021	0.2945	0.3021	0.3063	0.2968	
z = 1.5

0.2968	0.3063	0.3021	0.2945	0.3021	0.3063	0.2968	
0.3005	0.3302	0.3168	0.2933	0.3168	0.3302	0.3005	
0.2968	0.3063	0.3021	0.2945	0.3021	0.3063	0.2968	
0.2968	0.3063	0.3021	0.2945	0.3021	0.3063	0.2968	
0.3005	0.3302	0.3168	0.2933	0.3168	0.3302	0.3005	
0.2968	0.3063	0.3021	0.2945	0.3021	0.3063	0.2968	
z = 2.5

0.2968	0.3063	0.3021	0.2945	0.3021	0.3063	0.2968	
0.3005	0.3302	0.3168	0.2933	0.3168	0.3302	0.3005	
0.2968	0.3063	0.3021	0.2945	0.3021	0.3063	0.2968	
0.2968	0.3063	0.3021	0.2945	0.3021	0.3063	0.2968	
0.3005	0.3302	0.3168	0.2933	0.3168	0.3302	0.3005	
0.2968	0.3063	0.3021	0.2945	0.3021	0.3063	0.2968	
z = 3.5

0.2968	0.3063	0.3021	0.2945	0.3021	0.3063	0.2968	
0.3005	0.3302	0.3168	0.2933	0.3168	0.3302	0.3005	
0.2968	0.3063	0.3021	0.2945	0.3021	0.3063	0.2968	
0.2968	0.3063	0.3021	0.2945	0.3021	0.3063	0.2968	
0.3005	0.3302	0.3168	0.2933	0.3168	0.3302	0.3005	
0.2968	0.3063	0.3021	0.2945	0.3021	0.3063	0.2968	
z = 4.5

0.2968	0.3063	0.3021	0.2945	0.3021	0.3063	0.2968	
0.3005	0.3302	0.3168	0.2933	0.3168	0.3302	0.3005	
0.2968	0.3063	0.3021	0.2945	0.3021	0.3063	0.2968	
0.2968	0.3063	0.3021	0.2945	0.3021	0.3063	0.2968	
0.3005	0.3302	0.3168	0.2933	0.3168	0.3302	0.3005	
0.2968	0.3063	0.3021	0.2945	0.3021	0.3063	0.2968	

feq Values
c = 1
z = 0.5

0.03693	0.04741	0.06162	0.06738	0.06162	0.04741	0.03693	
0.02791	0.04771	0.07837	0.09222	0.07837	0.04771	0.02791	
0.03693	0.04741	0.06162	0.06738	0.06162	0.04741	0.03693	
0.06595	0.05492	0.04101	0.03555	0.04101	0.05492	0.06595	
0.08866	0.06339	0.03528	0.02556	0.03528	0.06339	0.08866	
0.06595	0.05492	0.04101	0.03555	0.04101	0.05492	0.06595	
z = 1.5

0.03693	0.04741	0.06162	0.06738	0.06162	0.04741	0.03693	
0.02791	0.04771	0.07837	0.09222	0.07837	0.04771	0.02791	
0.03693	0.04741	0.06162	0.06738	0.06162	0.04741	0.03693	
0.06595	0.05492	0.04101	0.03555	0.04101	0.05492	0.06595	
0.08866	0.06339	0.03528	0.02556	0.03528	0.06339	0.08866	
0.06595	0.05492	0.04101	0.03555	0.04101	0.05492	0.06595	
z = 2.5

0.03693	0.04741	0.06162	0.06738	0.06162	0.04741	0.03693	
0.02791	0.04771	0.07837	0.09222	0.07837	0.04771	0.02791	
0.03693	0.04741	0.06162	0.06738	0.06162	0.04741	0.03693	
0.06595	0.05492	0.04101	0.03555	0.04101	0.05492	0.06595	
0.08866	0.06339	0.03528	0.02556	0.03528	0.06339	0.08866	
0.06595	0.05492	0.04101	0.03555	0.04101	0.05492	0.06595	
z = 3.5

0.03693	0.04741	0.06162	0.06738	0.06162	0.04741	0.03693	
0.02791	0.04771	0.07837	0.09222	0.07837	0.04771	0.02791	
0.03693	0.04741	0.06162	0.06738	0.06162	0.04741	0.03693	
0.06595	0.05492	0.04101	0.03555	0.04101	0.05492	0.06595	
0.08866	0.06339	0.03528	0.02556	0.03528	0.06339	0.08866	
0.06595	0.05492	0.04101	0.03555	0.04101	0.05492	0.06595	
z = 4.5

0.03693	0.04741	0.06162	0.06738	0.06162	0.04741	0.03693	
0.02791	0.04771	0.07837	0.09222	0.07837	0.04771	0.02791	
0.03693	0.04741	0.06162	0.06738	0.06162	0.04741	0.03693	
0.06595	0.05492	0.04101	0.03555	0.04101	0.05492	0.06595	
0.08866	0.06339	0.03528	0.02556	0.03528	0.06339	0.08866	
0.06595	0.05492	0.04101	0.03555	0.04101	0.05492	0.06595	
c = 2
z = 0.5

0.06595	0.05492	0.04101	0.03555	0.04101	0.05492	0.06595	
0.08866	0.06339	0.03528	0.02556	0.03528	0.06339	0.08866	
0.06595	0.05492	0.04101	0.03555	0.04101	0.05492	0.06595	
0.03693	0.04741	0.06162	0.06738	0.06162	0.04741	0.03693	
0.02791	0.04771	0.07837	0.09222	0.07837	0.04771	0.02791	
0.03693	0.04741	0.06162	0.06738	0.06162	0.04741	0.03693	
z = 1.5

0.06595	0.05492	0.04101	0.03555	0.04101	0.05492	0.06595	
0.08866	0.06339	0.03528	0.02556	0.03528	0.06339	0.08866	
0.06595	0.05492	0.04101	0.03555	0.04101	0.05492	0.06595	
0.03693	0.04741	0.06162	0.06738	0.06162	0.04741	0.03693	
0.02791	0.04771	0.07837	0.09222	0.07837	0.04771	0.02791	
0.03693	0.04741	0.06162	0.06738	0.06162	0.04741	0.03693	
z = 2.5

0.06595	0.05492	0.04101	0.03555	0.04101	0.05492	0.06595	
0.08866	0.06339	0.03528	0.02556	0.03528	0.06339	0.08866	
0.06595	0.05492	0.04101	0.03555	0.04101	0.05492	0.06595	
0.03693	0.04741	0.06162	0.06738	0.06162	0.04741	0.03693	
0.02791	0.04771	0.07837	0.09222	0.07837	0.04771	0.02791	
0.03693	0.04741	0.06162	0.06738	0.06162	0.04741	0.03693	
z = 3.5

0.06595	0.05492	0.04101	0.03555	0.04101	0.05492	0.06595	
0.08866	0.06339	0.03528	0.02556	0.03528	0.06339	0.08866	
0.06595	0.05492	0.04101	0.03555	0.04101	0.05492	0.06595	
0.03693	0.04741	0.06162	0.06738	0.06162	0.04741	0.03693	
0.02791	0.04771	0.07837	0.09222	0.07837	0.04771	0.02791	
0.03693	0.04741	0.06162	0.06738	0.06162	0.04741	0.03693	
z = 4.5

0.06595	0.05492	0.04101	0.03555	0.04101	0.05492	0.06595	
0.08866	0.06339	0.03528	0.02556	0.03528	0.06339	0.08866	
0.06595	0.05492	0.04101	0.03555	0.04101	0.05492	0.06595	
0.03693	0.04741	0.06162	0.06738	0.06162	0.04741	0.03693	
0.02791	0.04771	0.07837	0.09222	0.07837	0.04771	0.02791	
0.03693	0.04741	0.06162	0.06738	0.06162	0.04741	0.03693	
c = 3
z = 0.5

0.06085	0.08076	0.07288	0.04908	0.03451	0.03193	0.0401	
0.05008	0.05503	0.05279	0.04889	0.05279	0.05503	0.05008	
0.0401	0.03193	0.03451	0.04908	0.07288	0.08076	0.06085	
0.0401	0.03193	0.03451	0.04908	0.07288	0.08076	0.06085	
0.05008	0.05503	0.05279	0.04889	0.05279	0.05503	0.05008	
0.06085	0.08076	0.07288	0.04908	0.03451	0.03193	0.0401	
z = 1.5

0.06085	0.08076	0.07288	0.04908	0.03451	0.03193	0.0401	
0.05008	0.05503	0.05279	0.04889	0.05279	0.05503	0.05008	
0.0401	0.03193	0.03451	0.04908	0.07288	0.08076	0.06085	
0.0401	0.03193	0.03451	0.04908	0.07288	0.08076	0.06085	
0.05008	0.05503	0.05279	0.04889	0.05279	0.05503	0.05008	
0.06085	0.08076	0.07288	0.04908	0.03451	0.03193	0.0401	
z = 2.5

0.06085	0.08076	0.07288	0.04908	0.03451	0.03193	0.0401	
0.05008	0.05503	0.05279	0.04889	0.05279	0.05503	0.05008	
0.0401	0.03193	0.03451	0.04908	0.07288	0.08076	0.06085	
0.0401	0.03193	0.03451	0.04908	0.07288	0.08076	0.06085	
0.05008	0.05503	0.05279	0.04889	0.05279	0.05503	0.05008	
0.06085	0.08076	0.07288	0.04908	0.03451	0.03193	0.0401	
z = 3.5

0.06085	0.08076	0.07288	0.04908	0.03451	0.03193	0.0401	
0.05008	0.05503	0.05279	0.04889	0.05279	0.05503	0.05008	
0.0401	0.03193	0.03451	0.04908	0.07288	0.08076	0.06085	
0.0401	0.03193	0.03451	0.04908	0.07288	0.08076	0.06085	
0.05008	0.05503	0.05279	0.04889	0.05279	0.05503	0.05008	
0.06085	0.08076	0.07288	0.04908	0.03451	0.03193	0.0401	
z = 4.5

0.06085	0.08076	0.07288	0.04908	0.03451	0.03193	0.0401	
0.05008	0.05503	0.05279	0.04889	0.05279	0.05503	0.05008	
0.0401	0.03193	0.03451	0.04908	0.07288	0.08076	0.06085	
0.0401	0.03193	0.03451	0.04908	0.07288	0.08076	0.06085	
0.05008	0.05503	0.05279	0.04889	0.05279	0.05503	0.05008	
0.06085	0.08076	0.07288	0.04908	0.03451	0.03193	0.0401	
c = 4
z = 0.5

0.0401	0.03193	0.03451	0.04908	0.07288	0.08076	0.06085	
0.05008	0.05503	0.05279	0.04889	0.05279	0.05503	0.05008	
0.06085	0.08076	0.07288	0.04908	0.03451	0.03193	0.0401	
0.06085	0.08076	0.07288	0.04908	0.03451	0.03193	0.0401	
0.05008	0.05503	0.05279	0.04889	0.05279	0.05503	0.05008	
0.0401	0.03193	0.03451	0.04908	0.07288	0.08076	0.06085	
z = 1.5

0.0401	0.03193	0.03451	0.04908	0.07288	0.08076	0.06085	
0.05008	0.05503	0.05279	0.04889	0.05279	0.05503	0.05008	
0.06085	0.08076	0.07288	0.04908	0.03451	0.03193	0.0401	
0.06085	0.08076	0.07288	0.04908	0.03451	0.03193	0.0401	
