
-------------------------------------------------------------------------------------
-----------------------------------START OF OUTPUT-----------------------------------
-------------------------------------------------------------------------------------
L0 Grid Size = 6 x 7 x 1
Refined = 47.62%
-------------------------------------------------------------------------------------
Grid Level = 0
Time Step = 0
Omega = 1.786
X Index: 1	2	3	4	
Y Index: 1	2	3	4	5	
Z Index: 1	
X Position: 	0.5	1.5	2.5	3.5	4.5	5.5	
Y Position: 	0.5	1.5	2.5	3.5	4.5	5.5	6.5	
Z Position: 	1	

Typing Matrix
z = 1

1	1	1	1	1	1	1	
1	4	4	4	4	4	1	
1	4	2	2	2	4	1	
1	4	2	2	2	4	1	
1	4	4	4	4	4	1	
1	1	1	1	1	1	1	

f Values
c = 1
z = 1

0.0832	0.06499	0.07061	0.1039	0.1601	0.1789	0.1316	
0.1049	0.117	0.1115	0.102	0.1115	0.117	0.1049	
0.1316	0.1789	0.1601	0.1039	0.07061	0.06499	0.0832	
0.1316	0.1789	0.1601	0.1039	0.07061	0.06499	0.0832	
0.1049	0.117	0.1115	0.102	0.1115	0.117	0.1049	
0.0832	0.06499	0.07061	0.1039	0.1601	0.1789	0.1316	
c = 2
z = 1

0.02869	0.01741	0.01474	0.01833	0.03224	0.04811	0.04461	
0.04953	0.03417	0.01806	0.01287	0.01806	0.03417	0.04953	
0.04461	0.04811	0.03224	0.01833	0.01474	0.01741	0.02869	
0.02387	0.04152	0.04914	0.0369	0.02188	0.01525	0.01558	
0.0141	0.02503	0.04319	0.05176	0.04319	0.02503	0.0141	
0.01558	0.01525	0.02188	0.0369	0.04914	0.04152	0.02387	
c = 3
z = 1

0.1439	0.1166	0.08486	0.07331	0.08486	0.1166	0.1439	
0.1981	0.1367	0.07223	0.05148	0.07223	0.1367	0.1981	
0.1439	0.1166	0.08486	0.07331	0.08486	0.1166	0.1439	
0.07616	0.09911	0.1329	0.1476	0.1329	0.09911	0.07616	
0.0564	0.1001	0.1728	0.207	0.1728	0.1001	0.0564	
0.07616	0.09911	0.1329	0.1476	0.1329	0.09911	0.07616	
c = 4
z = 1

0.04461	0.04811	0.03224	0.01833	0.01474	0.01741	0.02869	
0.04953	0.03417	0.01806	0.01287	0.01806	0.03417	0.04953	
0.02869	0.01741	0.01474	0.01833	0.03224	0.04811	0.04461	
0.01558	0.01525	0.02188	0.0369	0.04914	0.04152	0.02387	
0.0141	0.02503	0.04319	0.05176	0.04319	0.02503	0.0141	
0.02387	0.04152	0.04914	0.0369	0.02188	0.01525	0.01558	
c = 5
z = 1

0.1316	0.1789	0.1601	0.1039	0.07061	0.06499	0.0832	
0.1049	0.117	0.1115	0.102	0.1115	0.117	0.1049	
0.0832	0.06499	0.07061	0.1039	0.1601	0.1789	0.1316	
0.0832	0.06499	0.07061	0.1039	0.1601	0.1789	0.1316	
0.1049	0.117	0.1115	0.102	0.1115	0.117	0.1049	
0.1316	0.1789	0.1601	0.1039	0.07061	0.06499	0.0832	
c = 6
z = 1

0.02387	0.04152	0.04914	0.0369	0.02188	0.01525	0.01558	
0.0141	0.02503	0.04319	0.05176	0.04319	0.02503	0.0141	
0.01558	0.01525	0.02188	0.0369	0.04914	0.04152	0.02387	
0.02869	0.01741	0.01474	0.01833	0.03224	0.04811	0.04461	
0.04953	0.03417	0.01806	0.01287	0.01806	0.03417	0.04953	
0.04461	0.04811	0.03224	0.01833	0.01474	0.01741	0.02869	
c = 7
z = 1

0.07616	0.09911	0.1329	0.1476	0.1329	0.09911	0.07616	
0.0564	0.1001	0.1728	0.207	0.1728	0.1001	0.0564	
0.07616	0.09911	0.1329	0.1476	0.1329	0.09911	0.07616	
0.1439	0.1166	0.08486	0.07331	0.08486	0.1166	0.1439	
0.1981	0.1367	0.07223	0.05148	0.07223	0.1367	0.1981	
0.1439	0.1166	0.08486	0.07331	0.08486	0.1166	0.1439	
c = 8
z = 1

0.01558	0.01525	0.02188	0.0369	0.04914	0.04152	0.02387	
0.0141	0.02503	0.04319	0.05176	0.04319	0.02503	0.0141	
0.02387	0.04152	0.04914	0.0369	0.02188	0.01525	0.01558	
0.04461	0.04811	0.03224	0.01833	0.01474	0.01741	0.02869	
0.04953	0.03417	0.01806	0.01287	0.01806	0.03417	0.04953	
0.02869	0.01741	0.01474	0.01833	0.03224	0.04811	0.04461	
c = 9
z = 1

0.4187	0.4301	0.4251	0.4158	0.4251	0.4301	0.4187	
0.4197	0.4679	0.4461	0.4081	0.4461	0.4679	0.4197	
0.4187	0.4301	0.4251	0.4158	0.4251	0.4301	0.4187	
0.4187	0.4301	0.4251	0.4158	0.4251	0.4301	0.4187	
0.4197	0.4679	0.4461	0.4081	0.4461	0.4679	0.4197	
0.4187	0.4301	0.4251	0.4158	0.4251	0.4301	0.4187	

feq Values
c = 1
z = 1

0.0832	0.06499	0.07061	0.1039	0.1601	0.1789	0.1316	
0.1049	0.117	0.1115	0.102	0.1115	0.117	0.1049	
0.1316	0.1789	0.1601	0.1039	0.07061	0.06499	0.0832	
0.1316	0.1789	0.1601	0.1039	0.07061	0.06499	0.0832	
0.1049	0.117	0.1115	0.102	0.1115	0.117	0.1049	
0.0832	0.06499	0.07061	0.1039	0.1601	0.1789	0.1316	
c = 2
z = 1

0.02869	0.01741	0.01474	0.01833	0.03224	0.04811	0.04461	
0.04953	0.03417	0.01806	0.01287	0.01806	0.03417	0.04953	
0.04461	0.04811	0.03224	0.01833	0.01474	0.01741	0.02869	
0.02387	0.04152	0.04914	0.0369	0.02188	0.01525	0.01558	
0.0141	0.02503	0.04319	0.05176	0.04319	0.02503	0.0141	
0.01558	0.01525	0.02188	0.0369	0.04914	0.04152	0.02387	
c = 3
z = 1

0.1439	0.1166	0.08486	0.07331	0.08486	0.1166	0.1439	
0.1981	0.1367	0.07223	0.05148	0.07223	0.1367	0.1981	
0.1439	0.1166	0.08486	0.07331	0.08486	0.1166	0.1439	
0.07616	0.09911	0.1329	0.1476	0.1329	0.09911	0.07616	
0.0564	0.1001	0.1728	0.207	0.1728	0.1001	0.0564	
0.07616	0.09911	0.1329	0.1476	0.1329	0.09911	0.07616	
c = 4
z = 1

0.04461	0.04811	0.03224	0.01833	0.01474	0.01741	0.02869	
0.04953	0.03417	0.01806	0.01287	0.01806	0.03417	0.04953	
0.02869	0.01741	0.01474	0.01833	0.03224	0.04811	0.04461	
0.01558	0.01525	0.02188	0.0369	0.04914	0.04152	0.02387	
0.0141	0.02503	0.04319	0.05176	0.04319	0.02503	0.0141	
0.02387	0.04152	0.04914	0.0369	0.02188	0.01525	0.01558	
c = 5
z = 1

0.1316	0.1789	0.1601	0.1039	0.07061	0.06499	0.0832	
0.1049	0.117	0.1115	0.102	0.1115	0.117	0.1049	
0.0832	0.06499	0.07061	0.1039	0.1601	0.1789	0.1316	
0.0832	0.06499	0.07061	0.1039	0.1601	0.1789	0.1316	
0.1049	0.117	0.1115	0.102	0.1115	0.117	0.1049	
0.1316	0.1789	0.1601	0.1039	0.07061	0.06499	0.0832	
c = 6
z = 1

0.02387	0.04152	0.04914	0.0369	0.02188	0.01525	0.01558	
0.0141	0.02503	0.04319	0.05176	0.04319	0.02503	0.0141	
0.01558	0.01525	0.02188	0.0369	0.04914	0.04152	0.02387	
0.02869	0.01741	0.01474	0.01833	0.03224	0.04811	0.04461	
0.04953	0.03417	0.01806	0.01287	0.01806	0.03417	0.04953	
0.04461	0.04811	0.03224	0.01833	0.01474	0.01741	0.02869	
c = 7
z = 1

0.07616	0.09911	0.1329	0.1476	0.1329	0.09911	0.07616	
0.0564	0.1001	0.1728	0.207	0.1728	0.1001	0.0564	
0.07616	0.09911	0.1329	0.1476	0.1329	0.09911	0.07616	
0.1439	0.1166	0.08486	0.07331	0.08486	0.1166	0.1439	
0.1981	0.1367	0.07223	0.05148	0.07223	0.1367	0.1981	
0.1439	0.1166	0.08486	0.07331	0.08486	0.1166	0.1439	
c = 8
z = 1

0.01558	0.01525	0.02188	0.0369	0.04914	0.04152	0.02387	
0.0141	0.02503	0.04319	0.05176	0.04319	0.02503	0.0141	
0.02387	0.04152	0.04914	0.0369	0.02188	0.01525	0.01558	
0.04461	0.04811	0.03224	0.01833	0.01474	0.01741	0.02869	
0.04953	0.03417	0.01806	0.01287	0.01806	0.03417	0.04953	
0.02869	0.01741	0.01474	0.01833	0.03224	0.04811	0.04461	
c = 9
z = 1

0.4187	0.4301	0.4251	0.4158	0.4251	0.4301	0.4187	
0.4197	0.4679	0.4461	0.4081	0.4461	0.4679	0.4197	
0.4187	0.4301	0.4251	0.4158	0.4251	0.4301	0.4187	
0.4187	0.4301	0.4251	0.4158	0.4251	0.4301	0.4187	
0.4197	0.4679	0.4461	0.4081	0.4461	0.4679	0.4197	
0.4187	0.4301	0.4251	0.4158	0.4251	0.4301	0.4187	

Velocity Values
u(1)
z = 1

-0.07515	-0.1689	-0.1354	-2.121e-017	0.1354	0.1689	0.07515	
-5.314e-018	-1.194e-017	-9.575e-018	-1.5e-033	9.575e-018	1.194e-017	5.314e-018	
0.07515	0.1689	0.1354	2.121e-017	-0.1354	-0.1689	-0.07515	
0.07515	0.1689	0.1354	2.121e-017	-0.1354	-0.1689	-0.07515	
1.594e-017	3.582e-017	2.872e-017	4.499e-033	-2.872e-017	-3.582e-017	-1.594e-017	
-0.07515	-0.1689	-0.1354	-2.121e-017	0.1354	0.1689	0.07515	
u(2)
z = 1

0.1051	0.02596	-0.07274	-0.1167	-0.07274	0.02596	0.1051	
0.2102	0.05192	-0.1455	-0.2333	-0.1455	0.05192	0.2102	
0.1051	0.02596	-0.07274	-0.1167	-0.07274	0.02596	0.1051	
-0.1051	-0.02596	0.07274	0.1167	0.07274	-0.02596	-0.1051	
-0.2102	-0.05192	0.1455	0.2333	0.1455	-0.05192	-0.2102	
-0.1051	-0.02596	0.07274	0.1167	0.07274	-0.02596	-0.1051	

Density
z = 1

0.9663	1.012	0.9917	0.955	0.9917	1.012	0.9663	
1.011	1.057	1.037	1	1.037	1.057	1.011	
0.9663	1.012	0.9917	0.955	0.9917	1.012	0.9663	
0.9663	1.012	0.9917	0.955	0.9917	1.012	0.9663	
1.011	1.057	1.037	1	1.037	1.057	1.011	
0.9663	1.012	0.9917	0.955	0.9917	1.012	0.9663	
-------------------------------------------------------------------------------------
------------------------------------END OF OUTPUT------------------------------------
-------------------------------------------------------------------------------------

-------------------------------------------------------------------------------------
-----------------------------------START OF OUTPUT-----------------------------------
-------------------------------------------------------------------------------------
L0 Grid Size = 6 x 7 x 1
Refined = 47.62%
-------------------------------------------------------------------------------------
Grid Level = 1
Time Step = 0
Omega = 1.613
X Index: 0	1	2	3	4	5	6	7	
Y Index: 0	1	2	3	4	5	6	7	8	9	
Z Index: 1	
X Position: 	1.25	1.75	2.25	2.75	3.25	3.75	4.25	4.75	
Y Position: 	1.25	1.75	2.25	2.75	3.25	3.75	4.25	4.75	5.25	5.75	
Z Position: 	1	

Typing Matrix
z = 1

3	3	3	3	3	3	3	3	3	3	
3	3	3	3	3	3	3	3	3	3	
3	3	1	1	1	1	1	1	3	3	
3	3	1	1	1	1	1	1	3	3	
3	3	1	1	1	1	1	1	3	3	
3	3	1	1	1	1	1	1	3	3	
3	3	3	3	3	3	3	3	3	3	
3	3	3	3	3	3	3	3	3	3	

f Values
c = 1
z = 1

0.09893	0.1001	0.09893	0.09737	0.09916	0.1068	0.1193	0.1314	0.1365	0.1314	
0.1314	0.1365	0.1314	0.1193	0.1068	0.09916	0.09737	0.09893	0.1001	0.09893	
0.1611	0.1699	0.1611	0.1394	0.1144	0.09403	0.08099	0.07457	0.07276	0.07457	
0.1778	0.1887	0.1778	0.1506	0.1188	0.09169	0.07296	0.06262	0.05939	0.06262	
0.1778	0.1887	0.1778	0.1506	0.1188	0.09169	0.07296	0.06262	0.05939	0.06262	
0.1611	0.1699	0.1611	0.1394	0.1144	0.09403	0.08099	0.07457	0.07276	0.07457	
0.1314	0.1365	0.1314	0.1193	0.1068	0.09916	0.09737	0.09893	0.1001	0.09893	
0.09893	0.1001	0.09893	0.09737	0.09916	0.1068	0.1193	0.1314	0.1365	0.1314	
c = 2
z = 1

0.0333	0.02501	0.01866	0.01478	0.01316	0.01381	0.01736	0.0244	0.03412	0.04381	
0.04381	0.03412	0.0244	0.01736	0.01381	0.01316	0.01478	0.01866	0.02501	0.0333	
0.04933	0.04247	0.03253	0.02341	0.01748	0.01484	0.01446	0.01554	0.01819	0.02305	
0.04784	0.04718	0.04124	0.03275	0.02487	0.01929	0.01608	0.0147	0.01485	0.01678	
0.04124	0.04718	0.04784	0.04311	0.03536	0.02738	0.02094	0.01678	0.01485	0.0147	
0.03253	0.04247	0.04933	0.05041	0.04603	0.03846	0.03017	0.02305	0.01819	0.01554	
0.0244	0.03412	0.04381	0.0502	0.05166	0.04848	0.04182	0.0333	0.02501	0.01866	
0.01866	0.02501	0.0333	0.04182	0.04848	0.05166	0.0502	0.04381	0.03412	0.0244	
c = 3
z = 1

0.1531	0.1169	0.08497	0.06376	0.05388	0.05388	0.06376	0.08497	0.1169	0.1531	
0.1531	0.1169	0.08497	0.06376	0.05388	0.05388	0.06376	0.08497	0.1169	0.1531	
0.1365	0.111	0.08786	0.07188	0.06417	0.06417	0.07188	0.08786	0.111	0.1365	
0.1142	0.1053	0.09685	0.09064	0.08744	0.08744	0.09064	0.09685	0.1053	0.1142	
0.09685	0.1053	0.1142	0.1211	0.1246	0.1246	0.1211	0.1142	0.1053	0.09685	
0.08786	0.111	0.1365	0.1573	0.1685	0.1685	0.1573	0.1365	0.111	0.08786	
0.08497	0.1169	0.1531	0.1835	0.2002	0.2002	0.1835	0.1531	0.1169	0.08497	
0.08497	0.1169	0.1531	0.1835	0.2002	0.2002	0.1835	0.1531	0.1169	0.08497	
c = 4
z = 1

0.04381	0.03412	0.0244	0.01736	0.01381	0.01316	0.01478	0.01866	0.02501	0.0333	
0.0333	0.02501	0.01866	0.01478	0.01316	0.01381	0.01736	0.0244	0.03412	0.04381	
0.02305	0.01819	0.01554	0.01446	0.01484	0.01748	0.02341	0.03253	0.04247	0.04933	
0.01678	0.01485	0.0147	0.01608	0.01929	0.02487	0.03275	0.04124	0.04718	0.04784	
0.0147	0.01485	0.01678	0.02094	0.02738	0.03536	0.04311	0.04784	0.04718	0.04124	
0.01554	0.01819	0.02305	0.03017	0.03846	0.04603	0.05041	0.04933	0.04247	0.03253	
0.01866	0.02501	0.0333	0.04182	0.04848	0.05166	0.0502	0.04381	0.03412	0.0244	
0.0244	0.03412	0.04381	0.0502	0.05166	0.04848	0.04182	0.0333	0.02501	0.01866	
c = 5
z = 1

0.1314	0.1365	0.1314	0.1193	0.1068	0.09916	0.09737	0.09893	0.1001	0.09893	
0.09893	0.1001	0.09893	0.09737	0.09916	0.1068	0.1193	0.1314	0.1365	0.1314	
0.07457	0.07276	0.07457	0.08099	0.09403	0.1144	0.1394	0.1611	0.1699	0.1611	
0.06262	0.05939	0.06262	0.07296	0.09169	0.1188	0.1506	0.1778	0.1887	0.1778	
0.06262	0.05939	0.06262	0.07296	0.09169	0.1188	0.1506	0.1778	0.1887	0.1778	
0.07457	0.07276	0.07457	0.08099	0.09403	0.1144	0.1394	0.1611	0.1699	0.1611	
0.09893	0.1001	0.09893	0.09737	0.09916	0.1068	0.1193	0.1314	0.1365	0.1314	
0.1314	0.1365	0.1314	0.1193	0.1068	0.09916	0.09737	0.09893	0.1001	0.09893	
c = 6
z = 1

0.0244	0.03412	0.04381	0.0502	0.05166	0.04848	0.04182	0.0333	0.02501	0.01866	
0.01866	0.02501	0.0333	0.04182	0.04848	0.05166	0.0502	0.04381	0.03412	0.0244	
0.01554	0.01819	0.02305	0.03017	0.03846	0.04603	0.05041	0.04933	0.04247	0.03253	
0.0147	0.01485	0.01678	0.02094	0.02738	0.03536	0.04311	0.04784	0.04718	0.04124	
0.01678	0.01485	0.0147	0.01608	0.01929	0.02487	0.03275	0.04124	0.04718	0.04784	
0.02305	0.01819	0.01554	0.01446	0.01484	0.01748	0.02341	0.03253	0.04247	0.04933	
0.0333	0.02501	0.01866	0.01478	0.01316	0.01381	0.01736	0.0244	0.03412	0.04381	
0.04381	0.03412	0.0244	0.01736	0.01381	0.01316	0.01478	0.01866	0.02501	0.0333	
c = 7
z = 1

0.08497	0.1169	0.1531	0.1835	0.2002	0.2002	0.1835	0.1531	0.1169	0.08497	
0.08497	0.1169	0.1531	0.1835	0.2002	0.2002	0.1835	0.1531	0.1169	0.08497	
0.08786	0.111	0.1365	0.1573	0.1685	0.1685	0.1573	0.1365	0.111	0.08786	
0.09685	0.1053	0.1142	0.1211	0.1246	0.1246	0.1211	0.1142	0.1053	0.09685	
0.1142	0.1053	0.09685	0.09064	0.08744	0.08744	0.09064	0.09685	0.1053	0.1142	
0.1365	0.111	0.08786	0.07188	0.06417	0.06417	0.07188	0.08786	0.111	0.1365	
0.1531	0.1169	0.08497	0.06376	0.05388	0.05388	0.06376	0.08497	0.1169	0.1531	
0.1531	0.1169	0.08497	0.06376	0.05388	0.05388	0.06376	0.08497	0.1169	0.1531	
c = 8
z = 1

0.01866	0.02501	0.0333	0.04182	0.04848	0.05166	0.0502	0.04381	0.03412	0.0244	
0.0244	0.03412	0.04381	0.0502	0.05166	0.04848	0.04182	0.0333	0.02501	0.01866	
0.03253	0.04247	0.04933	0.05041	0.04603	0.03846	0.03017	0.02305	0.01819	0.01554	
0.04124	0.04718	0.04784	0.04311	0.03536	0.02738	0.02094	0.01678	0.01485	0.0147	
0.04784	0.04718	0.04124	0.03275	0.02487	0.01929	0.01608	0.0147	0.01485	0.01678	
0.04933	0.04247	0.03253	0.02341	0.01748	0.01484	0.01446	0.01554	0.01819	0.02305	
0.04381	0.03412	0.0244	0.01736	0.01381	0.01316	0.01478	0.01866	0.02501	0.0333	
0.0333	0.02501	0.01866	0.01478	0.01316	0.01381	0.01736	0.0244	0.03412	0.04381	
c = 9
z = 1

0.4561	0.4674	0.4561	0.4312	0.4117	0.4117	0.4312	0.4561	0.4674	0.4561	
0.4561	0.4674	0.4561	0.4312	0.4117	0.4117	0.4312	0.4561	0.4674	0.4561	
0.4383	0.444	0.4383	0.4253	0.415	0.415	0.4253	0.4383	0.444	0.4383	
0.4207	0.4213	0.4207	0.4191	0.4175	0.4175	0.4191	0.4207	0.4213	0.4207	
0.4207	0.4213	0.4207	0.4191	0.4175	0.4175	0.4191	0.4207	0.4213	0.4207	
0.4383	0.444	0.4383	0.4253	0.415	0.415	0.4253	0.4383	0.444	0.4383	
0.4561	0.4674	0.4561	0.4312	0.4117	0.4117	0.4312	0.4561	0.4674	0.4561	
0.4561	0.4674	0.4561	0.4312	0.4117	0.4117	0.4312	0.4561	0.4674	0.4561	

feq Values
c = 1
z = 1

0.09893	0.1001	0.09893	0.09737	0.09916	0.1068	0.1193	0.1314	0.1365	0.1314	
0.1314	0.1365	0.1314	0.1193	0.1068	0.09916	0.09737	0.09893	0.1001	0.09893	
0.1611	0.1699	0.1611	0.1394	0.1144	0.09403	0.08099	0.07457	0.07276	0.07457	
0.1778	0.1887	0.1778	0.1506	0.1188	0.09169	0.07296	0.06262	0.05939	0.06262	
0.1778	0.1887	0.1778	0.1506	0.1188	0.09169	0.07296	0.06262	0.05939	0.06262	
0.1611	0.1699	0.1611	0.1394	0.1144	0.09403	0.08099	0.07457	0.07276	0.07457	
0.1314	0.1365	0.1314	0.1193	0.1068	0.09916	0.09737	0.09893	0.1001	0.09893	
0.09893	0.1001	0.09893	0.09737	0.09916	0.1068	0.1193	0.1314	0.1365	0.1314	
c = 2
z = 1

0.0333	0.02501	0.01866	0.01478	0.01316	0.01381	0.01736	0.0244	0.03412	0.04381	
0.04381	0.03412	0.0244	0.01736	0.01381	0.01316	0.01478	0.01866	0.02501	0.0333	
0.04933	0.04247	0.03253	0.02341	0.01748	0.01484	0.01446	0.01554	0.01819	0.02305	
0.04784	0.04718	0.04124	0.03275	0.02487	0.01929	0.01608	0.0147	0.01485	0.01678	
0.04124	0.04718	0.04784	0.04311	0.03536	0.02738	0.02094	0.01678	0.01485	0.0147	
0.03253	0.04247	0.04933	0.05041	0.04603	0.03846	0.03017	0.02305	0.01819	0.01554	
0.0244	0.03412	0.04381	0.0502	0.05166	0.04848	0.04182	0.0333	0.02501	0.01866	
0.01866	0.02501	0.0333	0.04182	0.04848	0.05166	0.0502	0.04381	0.03412	0.0244	
c = 3
z = 1

0.1531	0.1169	0.08497	0.06376	0.05388	0.05388	0.06376	0.08497	0.1169	0.1531	
0.1531	0.1169	0.08497	0.06376	0.05388	0.05388	0.06376	0.08497	0.1169	0.1531	
0.1365	0.111	0.08786	0.07188	0.06417	0.06417	0.07188	0.08786	0.111	0.1365	
0.1142	0.1053	0.09685	0.09064	0.08744	0.08744	0.09064	0.09685	0.1053	0.1142	
0.09685	0.1053	0.1142	0.1211	0.1246	0.1246	0.1211	0.1142	0.1053	0.09685	
0.08786	0.111	0.1365	0.1573	0.1685	0.1685	0.1573	0.1365	0.111	0.08786	
0.08497	0.1169	0.1531	0.1835	0.2002	0.2002	0.1835	0.1531	0.1169	0.08497	
0.08497	0.1169	0.1531	0.1835	0.2002	0.2002	0.1835	0.1531	0.1169	0.08497	
c = 4
z = 1

0.04381	0.03412	0.0244	0.01736	0.01381	0.01316	0.01478	0.01866	0.02501	0.0333	
0.0333	0.02501	0.01866	0.01478	0.01316	0.01381	0.01736	0.0244	0.03412	0.04381	
0.02305	0.01819	0.01554	0.01446	0.01484	0.01748	0.02341	0.03253	0.04247	0.04933	
0.01678	0.01485	0.0147	0.01608	0.01929	0.02487	0.03275	0.04124	0.04718	0.04784	
0.0147	0.01485	0.01678	0.02094	0.02738	0.03536	0.04311	0.04784	0.04718	0.04124	
0.01554	0.01819	0.02305	0.03017	0.03846	0.04603	0.05041	0.04933	0.04247	0.03253	
0.01866	0.02501	0.0333	0.04182	0.04848	0.05166	0.0502	0.04381	0.03412	0.0244	
0.0244	0.03412	0.04381	0.0502	0.05166	0.04848	0.04182	0.0333	0.02501	0.01866	
c = 5
z = 1

0.1314	0.1365	0.1314	0.1193	0.1068	0.09916	0.09737	0.09893	0.1001	0.09893	
0.09893	0.1001	0.09893	0.09737	0.09916	0.1068	0.1193	0.1314	0.1365	0.1314	
0.07457	0.07276	0.07457	0.08099	0.09403	0.1144	0.1394	0.1611	0.1699	0.1611	
0.06262	0.05939	0.06262	0.07296	0.09169	0.1188	0.1506	0.1778	0.1887	0.1778	
0.06262	0.05939	0.06262	0.07296	0.09169	0.1188	0.1506	0.1778	0.1887	0.1778	
0.07457	0.07276	0.07457	0.08099	0.09403	0.1144	0.1394	0.1611	0.1699	0.1611	
0.09893	0.1001	0.09893	0.09737	0.09916	0.1068	0.1193	0.1314	0.1365	0.1314	
0.1314	0.1365	0.1314	0.1193	0.1068	0.09916	0.09737	0.09893	0.1001	0.09893	
c = 6
z = 1

0.0244	0.03412	0.04381	0.0502	0.05166	0.04848	0.04182	0.0333	0.02501	0.01866	
0.01866	0.02501	0.0333	0.04182	0.04848	0.05166	0.0502	0.04381	0.03412	0.0244	
0.01554	0.01819	0.02305	0.03017	0.03846	0.04603	0.05041	0.04933	0.04247	0.03253	
0.0147	0.01485	0.01678	0.02094	0.02738	0.03536	0.04311	0.04784	0.04718	0.04124	
0.01678	0.01485	0.0147	0.01608	0.01929	0.02487	0.03275	0.04124	0.04718	0.04784	
0.02305	0.01819	0.01554	0.01446	0.01484	0.01748	0.02341	0.03253	0.04247	0.04933	
0.0333	0.02501	0.01866	0.01478	0.01316	0.01381	0.01736	0.0244	0.03412	0.04381	
0.04381	0.03412	0.0244	0.01736	0.01381	0.01316	0.01478	0.01866	0.02501	0.0333	
c = 7
z = 1

0.08497	0.1169	0.1531	0.1835	0.2002	0.2002	0.1835	0.1531	0.1169	0.08497	
0.08497	0.1169	0.1531	0.1835	0.2002	0.2002	0.1835	0.1531	0.1169	0.08497	
0.08786	0.111	0.1365	0.1573	0.1685	0.1685	0.1573	0.1365	0.111	0.08786	
0.09685	0.1053	0.1142	0.1211	0.1246	0.1246	0.1211	0.1142	0.1053	0.09685	
0.1142	0.1053	0.09685	0.09064	0.08744	0.08744	0.09064	0.09685	0.1053	0.1142	
0.1365	0.111	0.08786	0.07188	0.06417	0.06417	0.07188	0.08786	0.111	0.1365	
0.1531	0.1169	0.08497	0.06376	0.05388	0.05388	0.06376	0.08497	0.1169	0.1531	
0.1531	0.1169	0.08497	0.06376	0.05388	0.05388	0.06376	0.08497	0.1169	0.1531	
c = 8
z = 1

0.01866	0.02501	0.0333	0.04182	0.04848	0.05166	0.0502	0.04381	0.03412	0.0244	
0.0244	0.03412	0.04381	0.0502	0.05166	0.04848	0.04182	0.0333	0.02501	0.01866	
0.03253	0.04247	0.04933	0.05041	0.04603	0.03846	0.03017	0.02305	0.01819	0.01554	
0.04124	0.04718	0.04784	0.04311	0.03536	0.02738	0.02094	0.01678	0.01485	0.0147	
0.04784	0.04718	0.04124	0.03275	0.02487	0.01929	0.01608	0.0147	0.01485	0.01678	
0.04933	0.04247	0.03253	0.02341	0.01748	0.01484	0.01446	0.01554	0.01819	0.02305	
0.04381	0.03412	0.0244	0.01736	0.01381	0.01316	0.01478	0.01866	0.02501	0.0333	
0.0333	0.02501	0.01866	0.01478	0.01316	0.01381	0.01736	0.0244	0.03412	0.04381	
c = 9
z = 1

0.4561	0.4674	0.4561	0.4312	0.4117	0.4117	0.4312	0.4561	0.4674	0.4561	
0.4561	0.4674	0.4561	0.4312	0.4117	0.4117	0.4312	0.4561	0.4674	0.4561	
0.4383	0.444	0.4383	0.4253	0.415	0.415	0.4253	0.4383	0.444	0.4383	
0.4207	0.4213	0.4207	0.4191	0.4175	0.4175	0.4191	0.4207	0.4213	0.4207	
0.4207	0.4213	0.4207	0.4191	0.4175	0.4175	0.4191	0.4207	0.4213	0.4207	
0.4383	0.444	0.4383	0.4253	0.415	0.415	0.4253	0.4383	0.444	0.4383	
0.4561	0.4674	0.4561	0.4312	0.4117	0.4117	0.4312	0.4561	0.4674	0.4561	
0.4561	0.4674	0.4561	0.4312	0.4117	0.4117	0.4312	0.4561	0.4674	0.4561	

Velocity Values
u(1)
z = 1

-0.04664	-0.05176	-0.04664	-0.03227	-0.01152	0.01152	0.03227	0.04664	0.05176	0.04664	
0.04664	0.05176	0.04664	0.03227	0.01152	-0.01152	-0.03227	-0.04664	-0.05176	-0.04664	
0.1274	0.1414	0.1274	0.08817	0.03147	-0.03147	-0.08817	-0.1274	-0.1414	-0.1274	
0.1741	0.1932	0.1741	0.1204	0.04299	-0.04299	-0.1204	-0.1741	-0.1932	-0.1741	
0.1741	0.1932	0.1741	0.1204	0.04299	-0.04299	-0.1204	-0.1741	-0.1932	-0.1741	
0.1274	0.1414	0.1274	0.08817	0.03147	-0.03147	-0.08817	-0.1274	-0.1414	-0.1274	
0.04664	0.05176	0.04664	0.03227	0.01152	-0.01152	-0.03227	-0.04664	-0.05176	-0.04664	
-0.04664	-0.05176	-0.04664	-0.03227	-0.01152	0.01152	0.03227	0.04664	0.05176	0.04664	
u(2)
z = 1

0.09779	1.38e-017	-0.09779	-0.1762	-0.2197	-0.2197	-0.1762	-0.09779	-4.14e-017	0.09779	
0.09779	1.38e-017	-0.09779	-0.1762	-0.2197	-0.2197	-0.1762	-0.09779	-4.14e-017	0.09779	
0.07159	1.01e-017	-0.07159	-0.129	-0.1609	-0.1609	-0.129	-0.07159	-3.031e-017	0.07159	
0.0262	3.698e-018	-0.0262	-0.04722	-0.05888	-0.05888	-0.04722	-0.0262	-1.109e-017	0.0262	
-0.0262	-3.698e-018	0.0262	0.04722	0.05888	0.05888	0.04722	0.0262	1.109e-017	-0.0262	
-0.07159	-1.01e-017	0.07159	0.129	0.1609	0.1609	0.129	0.07159	3.031e-017	-0.07159	
-0.09779	-1.38e-017	0.09779	0.1762	0.2197	0.2197	0.1762	0.09779	4.14e-017	-0.09779	
-0.09779	-1.38e-017	0.09779	0.1762	0.2197	0.2197	0.1762	0.09779	4.14e-017	-0.09779	

Density
z = 1

1.045	1.056	1.045	1.019	0.999	0.999	1.019	1.045	1.056	1.045	
1.045	1.056	1.045	1.019	0.999	0.999	1.019	1.045	1.056	1.045	
1.019	1.03	1.019	0.9933	0.973	0.973	0.9933	1.019	1.03	1.019	
0.9927	1.004	0.9927	0.9673	0.947	0.947	0.9673	0.9927	1.004	0.9927	
0.9927	1.004	0.9927	0.9673	0.947	0.947	0.9673	0.9927	1.004	0.9927	
1.019	1.03	1.019	0.9933	0.973	0.973	0.9933	1.019	1.03	1.019	
1.045	1.056	1.045	1.019	0.999	0.999	1.019	1.045	1.056	1.045	
1.045	1.056	1.045	1.019	0.999	0.999	1.019	1.045	1.056	1.045	
-------------------------------------------------------------------------------------
------------------------------------END OF OUTPUT------------------------------------
-------------------------------------------------------------------------------------
