
-------------------------------------------------------------------------------------
-----------------------------------START OF OUTPUT-----------------------------------
-------------------------------------------------------------------------------------
L0 Grid Size = 6 x 7 x 8
Refined = 35.71%
-------------------------------------------------------------------------------------
Grid Level = 0
Time Step = 0
Omega = 1.786
X Index: 1	2	3	4	
Y Index: 1	2	3	4	5	
Z Index: 1	2	3	4	5	6	
X Position: 	0.5	1.5	2.5	3.5	4.5	5.5	
Y Position: 	0.5	1.5	2.5	3.5	4.5	5.5	6.5	
Z Position: 	0.5	1.5	2.5	3.5	4.5	5.5	6.5	7.5	

Typing Matrix
z = 0.5

1	1	1	1	1	1	1	
1	1	1	1	1	1	1	
1	1	1	1	1	1	1	
1	1	1	1	1	1	1	
1	1	1	1	1	1	1	
1	1	1	1	1	1	1	
z = 1.5

1	1	1	1	1	1	1	
1	4	4	4	4	4	1	
1	4	4	4	4	4	1	
1	4	4	4	4	4	1	
1	4	4	4	4	4	1	
1	1	1	1	1	1	1	
z = 2.5

1	1	1	1	1	1	1	
1	4	4	4	4	4	1	
1	4	2	2	2	4	1	
1	4	2	2	2	4	1	
1	4	4	4	4	4	1	
1	1	1	1	1	1	1	
z = 3.5

1	1	1	1	1	1	1	
1	4	4	4	4	4	1	
1	4	2	2	2	4	1	
1	4	2	2	2	4	1	
1	4	4	4	4	4	1	
1	1	1	1	1	1	1	
z = 4.5

1	1	1	1	1	1	1	
1	4	4	4	4	4	1	
1	4	2	2	2	4	1	
1	4	2	2	2	4	1	
1	4	4	4	4	4	1	
1	1	1	1	1	1	1	
z = 5.5

1	1	1	1	1	1	1	
1	4	4	4	4	4	1	
1	4	2	2	2	4	1	
1	4	2	2	2	4	1	
1	4	4	4	4	4	1	
1	1	1	1	1	1	1	
z = 6.5

1	1	1	1	1	1	1	
1	4	4	4	4	4	1	
1	4	4	4	4	4	1	
1	4	4	4	4	4	1	
1	4	4	4	4	4	1	
1	1	1	1	1	1	1	
z = 7.5

1	1	1	1	1	1	1	
1	1	1	1	1	1	1	
1	1	1	1	1	1	1	
1	1	1	1	1	1	1	
1	1	1	1	1	1	1	
1	1	1	1	1	1	1	

f Values
c = 1
z = 0.5

0.0416	0.03249	0.03531	0.05197	0.08007	0.08946	0.06581	
0.05246	0.05849	0.05576	0.05102	0.05576	0.05849	0.05246	
0.06581	0.08946	0.08007	0.05197	0.03531	0.03249	0.0416	
0.06581	0.08946	0.08007	0.05197	0.03531	0.03249	0.0416	
0.05246	0.05849	0.05576	0.05102	0.05576	0.05849	0.05246	
0.0416	0.03249	0.03531	0.05197	0.08007	0.08946	0.06581	
z = 1.5

0.0416	0.03249	0.03531	0.05197	0.08007	0.08946	0.06581	
0.05246	0.05849	0.05576	0.05102	0.05576	0.05849	0.05246	
0.06581	0.08946	0.08007	0.05197	0.03531	0.03249	0.0416	
0.06581	0.08946	0.08007	0.05197	0.03531	0.03249	0.0416	
0.05246	0.05849	0.05576	0.05102	0.05576	0.05849	0.05246	
0.0416	0.03249	0.03531	0.05197	0.08007	0.08946	0.06581	
z = 2.5

0.0416	0.03249	0.03531	0.05197	0.08007	0.08946	0.06581	
0.05246	0.05849	0.05576	0.05102	0.05576	0.05849	0.05246	
0.06581	0.08946	0.08007	0.05197	0.03531	0.03249	0.0416	
0.06581	0.08946	0.08007	0.05197	0.03531	0.03249	0.0416	
0.05246	0.05849	0.05576	0.05102	0.05576	0.05849	0.05246	
0.0416	0.03249	0.03531	0.05197	0.08007	0.08946	0.06581	
z = 3.5

0.0416	0.03249	0.03531	0.05197	0.08007	0.08946	0.06581	
0.05246	0.05849	0.05576	0.05102	0.05576	0.05849	0.05246	
0.06581	0.08946	0.08007	0.05197	0.03531	0.03249	0.0416	
0.06581	0.08946	0.08007	0.05197	0.03531	0.03249	0.0416	
0.05246	0.05849	0.05576	0.05102	0.05576	0.05849	0.05246	
0.0416	0.03249	0.03531	0.05197	0.08007	0.08946	0.06581	
z = 4.5

0.0416	0.03249	0.03531	0.05197	0.08007	0.08946	0.06581	
0.05246	0.05849	0.05576	0.05102	0.05576	0.05849	0.05246	
0.06581	0.08946	0.08007	0.05197	0.03531	0.03249	0.0416	
0.06581	0.08946	0.08007	0.05197	0.03531	0.03249	0.0416	
0.05246	0.05849	0.05576	0.05102	0.05576	0.05849	0.05246	
0.0416	0.03249	0.03531	0.05197	0.08007	0.08946	0.06581	
z = 5.5

0.0416	0.03249	0.03531	0.05197	0.08007	0.08946	0.06581	
0.05246	0.05849	0.05576	0.05102	0.05576	0.05849	0.05246	
0.06581	0.08946	0.08007	0.05197	0.03531	0.03249	0.0416	
0.06581	0.08946	0.08007	0.05197	0.03531	0.03249	0.0416	
0.05246	0.05849	0.05576	0.05102	0.05576	0.05849	0.05246	
0.0416	0.03249	0.03531	0.05197	0.08007	0.08946	0.06581	
z = 6.5

0.0416	0.03249	0.03531	0.05197	0.08007	0.08946	0.06581	
0.05246	0.05849	0.05576	0.05102	0.05576	0.05849	0.05246	
0.06581	0.08946	0.08007	0.05197	0.03531	0.03249	0.0416	
0.06581	0.08946	0.08007	0.05197	0.03531	0.03249	0.0416	
0.05246	0.05849	0.05576	0.05102	0.05576	0.05849	0.05246	
0.0416	0.03249	0.03531	0.05197	0.08007	0.08946	0.06581	
z = 7.5

0.0416	0.03249	0.03531	0.05197	0.08007	0.08946	0.06581	
0.05246	0.05849	0.05576	0.05102	0.05576	0.05849	0.05246	
0.06581	0.08946	0.08007	0.05197	0.03531	0.03249	0.0416	
0.06581	0.08946	0.08007	0.05197	0.03531	0.03249	0.0416	
0.05246	0.05849	0.05576	0.05102	0.05576	0.05849	0.05246	
0.0416	0.03249	0.03531	0.05197	0.08007	0.08946	0.06581	
c = 2
z = 0.5

0.06581	0.08946	0.08007	0.05197	0.03531	0.03249	0.0416	
0.05246	0.05849	0.05576	0.05102	0.05576	0.05849	0.05246	
0.0416	0.03249	0.03531	0.05197	0.08007	0.08946	0.06581	
0.0416	0.03249	0.03531	0.05197	0.08007	0.08946	0.06581	
0.05246	0.05849	0.05576	0.05102	0.05576	0.05849	0.05246	
0.06581	0.08946	0.08007	0.05197	0.03531	0.03249	0.0416	
z = 1.5

0.06581	0.08946	0.08007	0.05197	0.03531	0.03249	0.0416	
0.05246	0.05849	0.05576	0.05102	0.05576	0.05849	0.05246	
0.0416	0.03249	0.03531	0.05197	0.08007	0.08946	0.06581	
0.0416	0.03249	0.03531	0.05197	0.08007	0.08946	0.06581	
0.05246	0.05849	0.05576	0.05102	0.05576	0.05849	0.05246	
0.06581	0.08946	0.08007	0.05197	0.03531	0.03249	0.0416	
z = 2.5

0.06581	0.08946	0.08007	0.05197	0.03531	0.03249	0.0416	
0.05246	0.05849	0.05576	0.05102	0.05576	0.05849	0.05246	
0.0416	0.03249	0.03531	0.05197	0.08007	0.08946	0.06581	
0.0416	0.03249	0.03531	0.05197	0.08007	0.08946	0.06581	
0.05246	0.05849	0.05576	0.05102	0.05576	0.05849	0.05246	
0.06581	0.08946	0.08007	0.05197	0.03531	0.03249	0.0416	
z = 3.5

0.06581	0.08946	0.08007	0.05197	0.03531	0.03249	0.0416	
0.05246	0.05849	0.05576	0.05102	0.05576	0.05849	0.05246	
0.0416	0.03249	0.03531	0.05197	0.08007	0.08946	0.06581	
0.0416	0.03249	0.03531	0.05197	0.08007	0.08946	0.06581	
0.05246	0.05849	0.05576	0.05102	0.05576	0.05849	0.05246	
0.06581	0.08946	0.08007	0.05197	0.03531	0.03249	0.0416	
z = 4.5

0.06581	0.08946	0.08007	0.05197	0.03531	0.03249	0.0416	
0.05246	0.05849	0.05576	0.05102	0.05576	0.05849	0.05246	
0.0416	0.03249	0.03531	0.05197	0.08007	0.08946	0.06581	
0.0416	0.03249	0.03531	0.05197	0.08007	0.08946	0.06581	
0.05246	0.05849	0.05576	0.05102	0.05576	0.05849	0.05246	
0.06581	0.08946	0.08007	0.05197	0.03531	0.03249	0.0416	
z = 5.5

0.06581	0.08946	0.08007	0.05197	0.03531	0.03249	0.0416	
0.05246	0.05849	0.05576	0.05102	0.05576	0.05849	0.05246	
0.0416	0.03249	0.03531	0.05197	0.08007	0.08946	0.06581	
0.0416	0.03249	0.03531	0.05197	0.08007	0.08946	0.06581	
0.05246	0.05849	0.05576	0.05102	0.05576	0.05849	0.05246	
0.06581	0.08946	0.08007	0.05197	0.03531	0.03249	0.0416	
z = 6.5

0.06581	0.08946	0.08007	0.05197	0.03531	0.03249	0.0416	
0.05246	0.05849	0.05576	0.05102	0.05576	0.05849	0.05246	
0.0416	0.03249	0.03531	0.05197	0.08007	0.08946	0.06581	
0.0416	0.03249	0.03531	0.05197	0.08007	0.08946	0.06581	
0.05246	0.05849	0.05576	0.05102	0.05576	0.05849	0.05246	
0.06581	0.08946	0.08007	0.05197	0.03531	0.03249	0.0416	
z = 7.5

0.06581	0.08946	0.08007	0.05197	0.03531	0.03249	0.0416	
0.05246	0.05849	0.05576	0.05102	0.05576	0.05849	0.05246	
0.0416	0.03249	0.03531	0.05197	0.08007	0.08946	0.06581	
0.0416	0.03249	0.03531	0.05197	0.08007	0.08946	0.06581	
0.05246	0.05849	0.05576	0.05102	0.05576	0.05849	0.05246	
0.06581	0.08946	0.08007	0.05197	0.03531	0.03249	0.0416	
c = 3
z = 0.5

0.07194	0.05831	0.04243	0.03665	0.04243	0.05831	0.07194	
0.09907	0.06835	0.03611	0.02574	0.03611	0.06835	0.09907	
0.07194	0.05831	0.04243	0.03665	0.04243	0.05831	0.07194	
0.03808	0.04955	0.06647	0.07379	0.06647	0.04955	0.03808	
0.0282	0.05005	0.08639	0.1035	0.08639	0.05005	0.0282	
0.03808	0.04955	0.06647	0.07379	0.06647	0.04955	0.03808	
z = 1.5

0.07194	0.05831	0.04243	0.03665	0.04243	0.05831	0.07194	
0.09907	0.06835	0.03611	0.02574	0.03611	0.06835	0.09907	
0.07194	0.05831	0.04243	0.03665	0.04243	0.05831	0.07194	
0.03808	0.04955	0.06647	0.07379	0.06647	0.04955	0.03808	
0.0282	0.05005	0.08639	0.1035	0.08639	0.05005	0.0282	
0.03808	0.04955	0.06647	0.07379	0.06647	0.04955	0.03808	
z = 2.5

0.07194	0.05831	0.04243	0.03665	0.04243	0.05831	0.07194	
0.09907	0.06835	0.03611	0.02574	0.03611	0.06835	0.09907	
0.07194	0.05831	0.04243	0.03665	0.04243	0.05831	0.07194	
0.03808	0.04955	0.06647	0.07379	0.06647	0.04955	0.03808	
0.0282	0.05005	0.08639	0.1035	0.08639	0.05005	0.0282	
0.03808	0.04955	0.06647	0.07379	0.06647	0.04955	0.03808	
z = 3.5

0.07194	0.05831	0.04243	0.03665	0.04243	0.05831	0.07194	
0.09907	0.06835	0.03611	0.02574	0.03611	0.06835	0.09907	
0.07194	0.05831	0.04243	0.03665	0.04243	0.05831	0.07194	
0.03808	0.04955	0.06647	0.07379	0.06647	0.04955	0.03808	
0.0282	0.05005	0.08639	0.1035	0.08639	0.05005	0.0282	
0.03808	0.04955	0.06647	0.07379	0.06647	0.04955	0.03808	
z = 4.5

0.07194	0.05831	0.04243	0.03665	0.04243	0.05831	0.07194	
0.09907	0.06835	0.03611	0.02574	0.03611	0.06835	0.09907	
0.07194	0.05831	0.04243	0.03665	0.04243	0.05831	0.07194	
0.03808	0.04955	0.06647	0.07379	0.06647	0.04955	0.03808	
0.0282	0.05005	0.08639	0.1035	0.08639	0.05005	0.0282	
0.03808	0.04955	0.06647	0.07379	0.06647	0.04955	0.03808	
z = 5.5

0.07194	0.05831	0.04243	0.03665	0.04243	0.05831	0.07194	
0.09907	0.06835	0.03611	0.02574	0.03611	0.06835	0.09907	
0.07194	0.05831	0.04243	0.03665	0.04243	0.05831	0.07194	
0.03808	0.04955	0.06647	0.07379	0.06647	0.04955	0.03808	
0.0282	0.05005	0.08639	0.1035	0.08639	0.05005	0.0282	
0.03808	0.04955	0.06647	0.07379	0.06647	0.04955	0.03808	
z = 6.5

0.07194	0.05831	0.04243	0.03665	0.04243	0.05831	0.07194	
0.09907	0.06835	0.03611	0.02574	0.03611	0.06835	0.09907	
0.07194	0.05831	0.04243	0.03665	0.04243	0.05831	0.07194	
0.03808	0.04955	0.06647	0.07379	0.06647	0.04955	0.03808	
0.0282	0.05005	0.08639	0.1035	0.08639	0.05005	0.0282	
0.03808	0.04955	0.06647	0.07379	0.06647	0.04955	0.03808	
z = 7.5

0.07194	0.05831	0.04243	0.03665	0.04243	0.05831	0.07194	
0.09907	0.06835	0.03611	0.02574	0.03611	0.06835	0.09907	
0.07194	0.05831	0.04243	0.03665	0.04243	0.05831	0.07194	
0.03808	0.04955	0.06647	0.07379	0.06647	0.04955	0.03808	
0.0282	0.05005	0.08639	0.1035	0.08639	0.05005	0.0282	
0.03808	0.04955	0.06647	0.07379	0.06647	0.04955	0.03808	
c = 4
z = 0.5

0.03808	0.04955	0.06647	0.07379	0.06647	0.04955	0.03808	
0.0282	0.05005	0.08639	0.1035	0.08639	0.05005	0.0282	
0.03808	0.04955	0.06647	0.07379	0.06647	0.04955	0.03808	
0.07194	0.05831	0.04243	0.03665	0.04243	0.05831	0.07194	
0.09907	0.06835	0.03611	0.02574	0.03611	0.06835	0.09907	
0.07194	0.05831	0.04243	0.03665	0.04243	0.05831	0.07194	
z = 1.5

0.03808	0.04955	0.06647	0.07379	0.06647	0.04955	0.03808	
0.0282	0.05005	0.08639	0.1035	0.08639	0.05005	0.0282	
0.03808	0.04955	0.06647	0.07379	0.06647	0.04955	0.03808	
0.07194	0.05831	0.04243	0.03665	0.04243	0.05831	0.07194	
0.09907	0.06835	0.03611	0.02574	0.03611	0.06835	0.09907	
0.07194	0.05831	0.04243	0.03665	0.04243	0.05831	0.07194	
z = 2.5

0.03808	0.04955	0.06647	0.07379	0.06647	0.04955	0.03808	
0.0282	0.05005	0.08639	0.1035	0.08639	0.05005	0.0282	
0.03808	0.04955	0.06647	0.07379	0.06647	0.04955	0.03808	
0.07194	0.05831	0.04243	0.03665	0.04243	0.05831	0.07194	
0.09907	0.06835	0.03611	0.02574	0.03611	0.06835	0.09907	
0.07194	0.05831	0.04243	0.03665	0.04243	0.05831	0.07194	
z = 3.5

0.03808	0.04955	0.06647	0.07379	0.06647	0.04955	0.03808	
0.0282	0.05005	0.08639	0.1035	0.08639	0.05005	0.0282	
0.03808	0.04955	0.06647	0.07379	0.06647	0.04955	0.03808	
0.07194	0.05831	0.04243	0.03665	0.04243	0.05831	0.07194	
0.09907	0.06835	0.03611	0.02574	0.03611	0.06835	0.09907	
0.07194	0.05831	0.04243	0.03665	0.04243	0.05831	0.07194	
z = 4.5

0.03808	0.04955	0.06647	0.07379	0.06647	0.04955	0.03808	
0.0282	0.05005	0.08639	0.1035	0.08639	0.05005	0.0282	
0.03808	0.04955	0.06647	0.07379	0.06647	0.04955	0.03808	
0.07194	0.05831	0.04243	0.03665	0.04243	0.05831	0.07194	
0.09907	0.06835	0.03611	0.02574	0.03611	0.06835	0.09907	
0.07194	0.05831	0.04243	0.03665	0.04243	0.05831	0.07194	
z = 5.5

0.03808	0.04955	0.06647	0.07379	0.06647	0.04955	0.03808	
0.0282	0.05005	0.08639	0.1035	0.08639	0.05005	0.0282	
0.03808	0.04955	0.06647	0.07379	0.06647	0.04955	0.03808	
0.07194	0.05831	0.04243	0.03665	0.04243	0.05831	0.07194	
0.09907	0.06835	0.03611	0.02574	0.03611	0.06835	0.09907	
0.07194	0.05831	0.04243	0.03665	0.04243	0.05831	0.07194	
z = 6.5

0.03808	0.04955	0.06647	0.07379	0.06647	0.04955	0.03808	
0.0282	0.05005	0.08639	0.1035	0.08639	0.05005	0.0282	
0.03808	0.04955	0.06647	0.07379	0.06647	0.04955	0.03808	
0.07194	0.05831	0.04243	0.03665	0.04243	0.05831	0.07194	
0.09907	0.06835	0.03611	0.02574	0.03611	0.06835	0.09907	
0.07194	0.05831	0.04243	0.03665	0.04243	0.05831	0.07194	
z = 7.5

0.03808	0.04955	0.06647	0.07379	0.06647	0.04955	0.03808	
0.0282	0.05005	0.08639	0.1035	0.08639	0.05005	0.0282	
0.03808	0.04955	0.06647	0.07379	0.06647	0.04955	0.03808	
0.07194	0.05831	0.04243	0.03665	0.04243	0.05831	0.07194	
0.09907	0.06835	0.03611	0.02574	0.03611	0.06835	0.09907	
0.07194	0.05831	0.04243	0.03665	0.04243	0.05831	0.07194	
c = 5
z = 0.5

0.05234	0.05376	0.05314	0.05197	0.05314	0.05376	0.05234	
0.05246	0.05849	0.05576	0.05102	0.05576	0.05849	0.05246	
0.05234	0.05376	0.05314	0.05197	0.05314	0.05376	0.05234	
0.05234	0.05376	0.05314	0.05197	0.05314	0.05376	0.05234	
0.05246	0.05849	0.05576	0.05102	0.05576	0.05849	0.05246	
0.05234	0.05376	0.05314	0.05197	0.05314	0.05376	0.05234	
z = 1.5

0.05234	0.05376	0.05314	0.05197	0.05314	0.05376	0.05234	
0.05246	0.05849	0.05576	0.05102	0.05576	0.05849	0.05246	
0.05234	0.05376	0.05314	0.05197	0.05314	0.05376	0.05234	
0.05234	0.05376	0.05314	0.05197	0.05314	0.05376	0.05234	
0.05246	0.05849	0.05576	0.05102	0.05576	0.05849	0.05246	
0.05234	0.05376	0.05314	0.05197	0.05314	0.05376	0.05234	
z = 2.5

0.05234	0.05376	0.05314	0.05197	0.05314	0.05376	0.05234	
0.05246	0.05849	0.05576	0.05102	0.05576	0.05849	0.05246	
0.05234	0.05376	0.05314	0.05197	0.05314	0.05376	0.05234	
0.05234	0.05376	0.05314	0.05197	0.05314	0.05376	0.05234	
0.05246	0.05849	0.05576	0.05102	0.05576	0.05849	0.05246	
0.05234	0.05376	0.05314	0.05197	0.05314	0.05376	0.05234	
z = 3.5

0.05234	0.05376	0.05314	0.05197	0.05314	0.05376	0.05234	
0.05246	0.05849	0.05576	0.05102	0.05576	0.05849	0.05246	
0.05234	0.05376	0.05314	0.05197	0.05314	0.05376	0.05234	
0.05234	0.05376	0.05314	0.05197	0.05314	0.05376	0.05234	
0.05246	0.05849	0.05576	0.05102	0.05576	0.05849	0.05246	
0.05234	0.05376	0.05314	0.05197	0.05314	0.05376	0.05234	
z = 4.5

0.05234	0.05376	0.05314	0.05197	0.05314	0.05376	0.05234	
0.05246	0.05849	0.05576	0.05102	0.05576	0.05849	0.05246	
0.05234	0.05376	0.05314	0.05197	0.05314	0.05376	0.05234	
0.05234	0.05376	0.05314	0.05197	0.05314	0.05376	0.05234	
0.05246	0.05849	0.05576	0.05102	0.05576	0.05849	0.05246	
0.05234	0.05376	0.05314	0.05197	0.05314	0.05376	0.05234	
z = 5.5

0.05234	0.05376	0.05314	0.05197	0.05314	0.05376	0.05234	
0.05246	0.05849	0.05576	0.05102	0.05576	0.05849	0.05246	
0.05234	0.05376	0.05314	0.05197	0.05314	0.05376	0.05234	
0.05234	0.05376	0.05314	0.05197	0.05314	0.05376	0.05234	
0.05246	0.05849	0.05576	0.05102	0.05576	0.05849	0.05246	
0.05234	0.05376	0.05314	0.05197	0.05314	0.05376	0.05234	
z = 6.5

0.05234	0.05376	0.05314	0.05197	0.05314	0.05376	0.05234	
0.05246	0.05849	0.05576	0.05102	0.05576	0.05849	0.05246	
0.05234	0.05376	0.05314	0.05197	0.05314	0.05376	0.05234	
0.05234	0.05376	0.05314	0.05197	0.05314	0.05376	0.05234	
0.05246	0.05849	0.05576	0.05102	0.05576	0.05849	0.05246	
0.05234	0.05376	0.05314	0.05197	0.05314	0.05376	0.05234	
z = 7.5

0.05234	0.05376	0.05314	0.05197	0.05314	0.05376	0.05234	
0.05246	0.05849	0.05576	0.05102	0.05576	0.05849	0.05246	
0.05234	0.05376	0.05314	0.05197	0.05314	0.05376	0.05234	
0.05234	0.05376	0.05314	0.05197	0.05314	0.05376	0.05234	
0.05246	0.05849	0.05576	0.05102	0.05576	0.05849	0.05246	
0.05234	0.05376	0.05314	0.05197	0.05314	0.05376	0.05234	
c = 6
z = 0.5

0.05234	0.05376	0.05314	0.05197	0.05314	0.05376	0.05234	
0.05246	0.05849	0.05576	0.05102	0.05576	0.05849	0.05246	
0.05234	0.05376	0.05314	0.05197	0.05314	0.05376	0.05234	
0.05234	0.05376	0.05314	0.05197	0.05314	0.05376	0.05234	
0.05246	0.05849	0.05576	0.05102	0.05576	0.05849	0.05246	
0.05234	0.05376	0.05314	0.05197	0.05314	0.05376	0.05234	
z = 1.5

0.05234	0.05376	0.05314	0.05197	0.05314	0.05376	0.05234	
0.05246	0.05849	0.05576	0.05102	0.05576	0.05849	0.05246	
0.05234	0.05376	0.05314	0.05197	0.05314	0.05376	0.05234	
0.05234	0.05376	0.05314	0.05197	0.05314	0.05376	0.05234	
0.05246	0.05849	0.05576	0.05102	0.05576	0.05849	0.05246	
0.05234	0.05376	0.05314	0.05197	0.05314	0.05376	0.05234	
z = 2.5

0.05234	0.05376	0.05314	0.05197	0.05314	0.05376	0.05234	
0.05246	0.05849	0.05576	0.05102	0.05576	0.05849	0.05246	
0.05234	0.05376	0.05314	0.05197	0.05314	0.05376	0.05234	
0.05234	0.05376	0.05314	0.05197	0.05314	0.05376	0.05234	
0.05246	0.05849	0.05576	0.05102	0.05576	0.05849	0.05246	
0.05234	0.05376	0.05314	0.05197	0.05314	0.05376	0.05234	
z = 3.5

0.05234	0.05376	0.05314	0.05197	0.05314	0.05376	0.05234	
0.05246	0.05849	0.05576	0.05102	0.05576	0.05849	0.05246	
0.05234	0.05376	0.05314	0.05197	0.05314	0.05376	0.05234	
0.05234	0.05376	0.05314	0.05197	0.05314	0.05376	0.05234	
0.05246	0.05849	0.05576	0.05102	0.05576	0.05849	0.05246	
0.05234	0.05376	0.05314	0.05197	0.05314	0.05376	0.05234	
z = 4.5

0.05234	0.05376	0.05314	0.05197	0.05314	0.05376	0.05234	
0.05246	0.05849	0.05576	0.05102	0.05576	0.05849	0.05246	
0.05234	0.05376	0.05314	0.05197	0.05314	0.05376	0.05234	
0.05234	0.05376	0.05314	0.05197	0.05314	0.05376	0.05234	
0.05246	0.05849	0.05576	0.05102	0.05576	0.05849	0.05246	
0.05234	0.05376	0.05314	0.05197	0.05314	0.05376	0.05234	
z = 5.5

0.05234	0.05376	0.05314	0.05197	0.05314	0.05376	0.05234	
0.05246	0.05849	0.05576	0.05102	0.05576	0.05849	0.05246	
0.05234	0.05376	0.05314	0.05197	0.05314	0.05376	0.05234	
0.05234	0.05376	0.05314	0.05197	0.05314	0.05376	0.05234	
0.05246	0.05849	0.05576	0.05102	0.05576	0.05849	0.05246	
0.05234	0.05376	0.05314	0.05197	0.05314	0.05376	0.05234	
z = 6.5

0.05234	0.05376	0.05314	0.05197	0.05314	0.05376	0.05234	
0.05246	0.05849	0.05576	0.05102	0.05576	0.05849	0.05246	
0.05234	0.05376	0.05314	0.05197	0.05314	0.05376	0.05234	
0.05234	0.05376	0.05314	0.05197	0.05314	0.05376	0.05234	
0.05246	0.05849	0.05576	0.05102	0.05576	0.05849	0.05246	
0.05234	0.05376	0.05314	0.05197	0.05314	0.05376	0.05234	
z = 7.5

0.05234	0.05376	0.05314	0.05197	0.05314	0.05376	0.05234	
0.05246	0.05849	0.05576	0.05102	0.05576	0.05849	0.05246	
0.05234	0.05376	0.05314	0.05197	0.05314	0.05376	0.05234	
0.05234	0.05376	0.05314	0.05197	0.05314	0.05376	0.05234	
0.05246	0.05849	0.05576	0.05102	0.05576	0.05849	0.05246	
0.05234	0.05376	0.05314	0.05197	0.05314	0.05376	0.05234	
c = 7
z = 0.5

0.02869	0.01741	0.01474	0.01833	0.03224	0.04811	0.04461	
0.04953	0.03417	0.01806	0.01287	0.01806	0.03417	0.04953	
0.04461	0.04811	0.03224	0.01833	0.01474	0.01741	0.02869	
0.02387	0.04152	0.04914	0.0369	0.02188	0.01525	0.01558	
0.0141	0.02503	0.04319	0.05176	0.04319	0.02503	0.0141	
0.01558	0.01525	0.02188	0.0369	0.04914	0.04152	0.02387	
z = 1.5

0.02869	0.01741	0.01474	0.01833	0.03224	0.04811	0.04461	
0.04953	0.03417	0.01806	0.01287	0.01806	0.03417	0.04953	
0.04461	0.04811	0.03224	0.01833	0.01474	0.01741	0.02869	
0.02387	0.04152	0.04914	0.0369	0.02188	0.01525	0.01558	
0.0141	0.02503	0.04319	0.05176	0.04319	0.02503	0.0141	
0.01558	0.01525	0.02188	0.0369	0.04914	0.04152	0.02387	
z = 2.5

0.02869	0.01741	0.01474	0.01833	0.03224	0.04811	0.04461	
0.04953	0.03417	0.01806	0.01287	0.01806	0.03417	0.04953	
0.04461	0.04811	0.03224	0.01833	0.01474	0.01741	0.02869	
0.02387	0.04152	0.04914	0.0369	0.02188	0.01525	0.01558	
0.0141	0.02503	0.04319	0.05176	0.04319	0.02503	0.0141	
0.01558	0.01525	0.02188	0.0369	0.04914	0.04152	0.02387	
z = 3.5

0.02869	0.01741	0.01474	0.01833	0.03224	0.04811	0.04461	
0.04953	0.03417	0.01806	0.01287	0.01806	0.03417	0.04953	
0.04461	0.04811	0.03224	0.01833	0.01474	0.01741	0.02869	
0.02387	0.04152	0.04914	0.0369	0.02188	0.01525	0.01558	
0.0141	0.02503	0.04319	0.05176	0.04319	0.02503	0.0141	
0.01558	0.01525	0.02188	0.0369	0.04914	0.04152	0.02387	
z = 4.5

0.02869	0.01741	0.01474	0.01833	0.03224	0.04811	0.04461	
0.04953	0.03417	0.01806	0.01287	0.01806	0.03417	0.04953	
0.04461	0.04811	0.03224	0.01833	0.01474	0.01741	0.02869	
0.02387	0.04152	0.04914	0.0369	0.02188	0.01525	0.01558	
0.0141	0.02503	0.04319	0.05176	0.04319	0.02503	0.0141	
0.01558	0.01525	0.02188	0.0369	0.04914	0.04152	0.02387	
z = 5.5

0.02869	0.01741	0.01474	0.01833	0.03224	0.04811	0.04461	
0.04953	0.03417	0.01806	0.01287	0.01806	0.03417	0.04953	
0.04461	0.04811	0.03224	0.01833	0.01474	0.01741	0.02869	
0.02387	0.04152	0.04914	0.0369	0.02188	0.01525	0.01558	
0.0141	0.02503	0.04319	0.05176	0.04319	0.02503	0.0141	
0.01558	0.01525	0.02188	0.0369	0.04914	0.04152	0.02387	
z = 6.5

0.02869	0.01741	0.01474	0.01833	0.03224	0.04811	0.04461	
0.04953	0.03417	0.01806	0.01287	0.01806	0.03417	0.04953	
0.04461	0.04811	0.03224	0.01833	0.01474	0.01741	0.02869	
0.02387	0.04152	0.04914	0.0369	0.02188	0.01525	0.01558	
0.0141	0.02503	0.04319	0.05176	0.04319	0.02503	0.0141	
0.01558	0.01525	0.02188	0.0369	0.04914	0.04152	0.02387	
z = 7.5

0.02869	0.01741	0.01474	0.01833	0.03224	0.04811	0.04461	
0.04953	0.03417	0.01806	0.01287	0.01806	0.03417	0.04953	
0.04461	0.04811	0.03224	0.01833	0.01474	0.01741	0.02869	
0.02387	0.04152	0.04914	0.0369	0.02188	0.01525	0.01558	
0.0141	0.02503	0.04319	0.05176	0.04319	0.02503	0.0141	
0.01558	0.01525	0.02188	0.0369	0.04914	0.04152	0.02387	
c = 8
z = 0.5

0.02387	0.04152	0.04914	0.0369	0.02188	0.01525	0.01558	
0.0141	0.02503	0.04319	0.05176	0.04319	0.02503	0.0141	
0.01558	0.01525	0.02188	0.0369	0.04914	0.04152	0.02387	
0.02869	0.01741	0.01474	0.01833	0.03224	0.04811	0.04461	
0.04953	0.03417	0.01806	0.01287	0.01806	0.03417	0.04953	
0.04461	0.04811	0.03224	0.01833	0.01474	0.01741	0.02869	
z = 1.5

0.02387	0.04152	0.04914	0.0369	0.02188	0.01525	0.01558	
0.0141	0.02503	0.04319	0.05176	0.04319	0.02503	0.0141	
0.01558	0.01525	0.02188	0.0369	0.04914	0.04152	0.02387	
0.02869	0.01741	0.01474	0.01833	0.03224	0.04811	0.04461	
0.04953	0.03417	0.01806	0.01287	0.01806	0.03417	0.04953	
0.04461	0.04811	0.03224	0.01833	0.01474	0.01741	0.02869	
z = 2.5

0.02387	0.04152	0.04914	0.0369	0.02188	0.01525	0.01558	
0.0141	0.02503	0.04319	0.05176	0.04319	0.02503	0.0141	
0.01558	0.01525	0.02188	0.0369	0.04914	0.04152	0.02387	
0.02869	0.01741	0.01474	0.01833	0.03224	0.04811	0.04461	
0.04953	0.03417	0.01806	0.01287	0.01806	0.03417	0.04953	
0.04461	0.04811	0.03224	0.01833	0.01474	0.01741	0.02869	
z = 3.5

0.02387	0.04152	0.04914	0.0369	0.02188	0.01525	0.01558	
0.0141	0.02503	0.04319	0.05176	0.04319	0.02503	0.0141	
0.01558	0.01525	0.02188	0.0369	0.04914	0.04152	0.02387	
0.02869	0.01741	0.01474	0.01833	0.03224	0.04811	0.04461	
0.04953	0.03417	0.01806	0.01287	0.01806	0.03417	0.04953	
0.04461	0.04811	0.03224	0.01833	0.01474	0.01741	0.02869	
z = 4.5

0.02387	0.04152	0.04914	0.0369	0.02188	0.01525	0.01558	
0.0141	0.02503	0.04319	0.05176	0.04319	0.02503	0.0141	
0.01558	0.01525	0.02188	0.0369	0.04914	0.04152	0.02387	
0.02869	0.01741	0.01474	0.01833	0.03224	0.04811	0.04461	
0.04953	0.03417	0.01806	0.01287	0.01806	0.03417	0.04953	
0.04461	0.04811	0.03224	0.01833	0.01474	0.01741	0.02869	
z = 5.5

0.02387	0.04152	0.04914	0.0369	0.02188	0.01525	0.01558	
0.0141	0.02503	0.04319	0.05176	0.04319	0.02503	0.0141	
0.01558	0.01525	0.02188	0.0369	0.04914	0.04152	0.02387	
0.02869	0.01741	0.01474	0.01833	0.03224	0.04811	0.04461	
0.04953	0.03417	0.01806	0.01287	0.01806	0.03417	0.04953	
0.04461	0.04811	0.03224	0.01833	0.01474	0.01741	0.02869	
z = 6.5

0.02387	0.04152	0.04914	0.0369	0.02188	0.01525	0.01558	
0.0141	0.02503	0.04319	0.05176	0.04319	0.02503	0.0141	
0.01558	0.01525	0.02188	0.0369	0.04914	0.04152	0.02387	
0.02869	0.01741	0.01474	0.01833	0.03224	0.04811	0.04461	
0.04953	0.03417	0.01806	0.01287	0.01806	0.03417	0.04953	
0.04461	0.04811	0.03224	0.01833	0.01474	0.01741	0.02869	
z = 7.5

0.02387	0.04152	0.04914	0.0369	0.02188	0.01525	0.01558	
0.0141	0.02503	0.04319	0.05176	0.04319	0.02503	0.0141	
0.01558	0.01525	0.02188	0.0369	0.04914	0.04152	0.02387	
0.02869	0.01741	0.01474	0.01833	0.03224	0.04811	0.04461	
0.04953	0.03417	0.01806	0.01287	0.01806	0.03417	0.04953	
0.04461	0.04811	0.03224	0.01833	0.01474	0.01741	0.02869	
c = 9
z = 0.5

0.01558	0.01525	0.02188	0.0369	0.04914	0.04152	0.02387	
0.0141	0.02503	0.04319	0.05176	0.04319	0.02503	0.0141	
0.02387	0.04152	0.04914	0.0369	0.02188	0.01525	0.01558	
0.04461	0.04811	0.03224	0.01833	0.01474	0.01741	0.02869	
0.04953	0.03417	0.01806	0.01287	0.01806	0.03417	0.04953	
0.02869	0.01741	0.01474	0.01833	0.03224	0.04811	0.04461	
z = 1.5

0.01558	0.01525	0.02188	0.0369	0.04914	0.04152	0.02387	
0.0141	0.02503	0.04319	0.05176	0.04319	0.02503	0.0141	
0.02387	0.04152	0.04914	0.0369	0.02188	0.01525	0.01558	
0.04461	0.04811	0.03224	0.01833	0.01474	0.01741	0.02869	
0.04953	0.03417	0.01806	0.01287	0.01806	0.03417	0.04953	
0.02869	0.01741	0.01474	0.01833	0.03224	0.04811	0.04461	
z = 2.5

0.01558	0.01525	0.02188	0.0369	0.04914	0.04152	0.02387	
0.0141	0.02503	0.04319	0.05176	0.04319	0.02503	0.0141	
0.02387	0.04152	0.04914	0.0369	0.02188	0.01525	0.01558	
0.04461	0.04811	0.03224	0.01833	0.01474	0.01741	0.02869	
0.04953	0.03417	0.01806	0.01287	0.01806	0.03417	0.04953	
0.02869	0.01741	0.01474	0.01833	0.03224	0.04811	0.04461	
z = 3.5

0.01558	0.01525	0.02188	0.0369	0.04914	0.04152	0.02387	
0.0141	0.02503	0.04319	0.05176	0.04319	0.02503	0.0141	
0.02387	0.04152	0.04914	0.0369	0.02188	0.01525	0.01558	
0.04461	0.04811	0.03224	0.01833	0.01474	0.01741	0.02869	
0.04953	0.03417	0.01806	0.01287	0.01806	0.03417	0.04953	
0.02869	0.01741	0.01474	0.01833	0.03224	0.04811	0.04461	
z = 4.5

0.01558	0.01525	0.02188	0.0369	0.04914	0.04152	0.02387	
0.0141	0.02503	0.04319	0.05176	0.04319	0.02503	0.0141	
0.02387	0.04152	0.04914	0.0369	0.02188	0.01525	0.01558	
0.04461	0.04811	0.03224	0.01833	0.01474	0.01741	0.02869	
0.04953	0.03417	0.01806	0.01287	0.01806	0.03417	0.04953	
0.02869	0.01741	0.01474	0.01833	0.03224	0.04811	0.04461	
z = 5.5

0.01558	0.01525	0.02188	0.0369	0.04914	0.04152	0.02387	
0.0141	0.02503	0.04319	0.05176	0.04319	0.02503	0.0141	
0.02387	0.04152	0.04914	0.0369	0.02188	0.01525	0.01558	
0.04461	0.04811	0.03224	0.01833	0.01474	0.01741	0.02869	
0.04953	0.03417	0.01806	0.01287	0.01806	0.03417	0.04953	
0.02869	0.01741	0.01474	0.01833	0.03224	0.04811	0.04461	
z = 6.5

0.01558	0.01525	0.02188	0.0369	0.04914	0.04152	0.02387	
0.0141	0.02503	0.04319	0.05176	0.04319	0.02503	0.0141	
0.02387	0.04152	0.04914	0.0369	0.02188	0.01525	0.01558	
0.04461	0.04811	0.03224	0.01833	0.01474	0.01741	0.02869	
0.04953	0.03417	0.01806	0.01287	0.01806	0.03417	0.04953	
0.02869	0.01741	0.01474	0.01833	0.03224	0.04811	0.04461	
z = 7.5

0.01558	0.01525	0.02188	0.0369	0.04914	0.04152	0.02387	
0.0141	0.02503	0.04319	0.05176	0.04319	0.02503	0.0141	
0.02387	0.04152	0.04914	0.0369	0.02188	0.01525	0.01558	
0.04461	0.04811	0.03224	0.01833	0.01474	0.01741	0.02869	
0.04953	0.03417	0.01806	0.01287	0.01806	0.03417	0.04953	
0.02869	0.01741	0.01474	0.01833	0.03224	0.04811	0.04461	
c = 10
z = 0.5

0.04461	0.04811	0.03224	0.01833	0.01474	0.01741	0.02869	
0.04953	0.03417	0.01806	0.01287	0.01806	0.03417	0.04953	
0.02869	0.01741	0.01474	0.01833	0.03224	0.04811	0.04461	
0.01558	0.01525	0.02188	0.0369	0.04914	0.04152	0.02387	
0.0141	0.02503	0.04319	0.05176	0.04319	0.02503	0.0141	
0.02387	0.04152	0.04914	0.0369	0.02188	0.01525	0.01558	
z = 1.5

0.04461	0.04811	0.03224	0.01833	0.01474	0.01741	0.02869	
0.04953	0.03417	0.01806	0.01287	0.01806	0.03417	0.04953	
0.02869	0.01741	0.01474	0.01833	0.03224	0.04811	0.04461	
0.01558	0.01525	0.02188	0.0369	0.04914	0.04152	0.02387	
0.0141	0.02503	0.04319	0.05176	0.04319	0.02503	0.0141	
0.02387	0.04152	0.04914	0.0369	0.02188	0.01525	0.01558	
z = 2.5

0.04461	0.04811	0.03224	0.01833	0.01474	0.01741	0.02869	
0.04953	0.03417	0.01806	0.01287	0.01806	0.03417	0.04953	
0.02869	0.01741	0.01474	0.01833	0.03224	0.04811	0.04461	
0.01558	0.01525	0.02188	0.0369	0.04914	0.04152	0.02387	
0.0141	0.02503	0.04319	0.05176	0.04319	0.02503	0.0141	
0.02387	0.04152	0.04914	0.0369	0.02188	0.01525	0.01558	
z = 3.5

0.04461	0.04811	0.03224	0.01833	0.01474	0.01741	0.02869	
0.04953	0.03417	0.01806	0.01287	0.01806	0.03417	0.04953	
0.02869	0.01741	0.01474	0.01833	0.03224	0.04811	0.04461	
0.01558	0.01525	0.02188	0.0369	0.04914	0.04152	0.02387	
0.0141	0.02503	0.04319	0.05176	0.04319	0.02503	0.0141	
0.02387	0.04152	0.04914	0.0369	0.02188	0.01525	0.01558	
z = 4.5

0.04461	0.04811	0.03224	0.01833	0.01474	0.01741	0.02869	
0.04953	0.03417	0.01806	0.01287	0.01806	0.03417	0.04953	
0.02869	0.01741	0.01474	0.01833	0.03224	0.04811	0.04461	
0.01558	0.01525	0.02188	0.0369	0.04914	0.04152	0.02387	
0.0141	0.02503	0.04319	0.05176	0.04319	0.02503	0.0141	
0.02387	0.04152	0.04914	0.0369	0.02188	0.01525	0.01558	
z = 5.5

0.04461	0.04811	0.03224	0.01833	0.01474	0.01741	0.02869	
0.04953	0.03417	0.01806	0.01287	0.01806	0.03417	0.04953	
0.02869	0.01741	0.01474	0.01833	0.03224	0.04811	0.04461	
0.01558	0.01525	0.02188	0.0369	0.04914	0.04152	0.02387	
0.0141	0.02503	0.04319	0.05176	0.04319	0.02503	0.0141	
0.02387	0.04152	0.04914	0.0369	0.02188	0.01525	0.01558	
z = 6.5

0.04461	0.04811	0.03224	0.01833	0.01474	0.01741	0.02869	
0.04953	0.03417	0.01806	0.01287	0.01806	0.03417	0.04953	
0.02869	0.01741	0.01474	0.01833	0.03224	0.04811	0.04461	
0.01558	0.01525	0.02188	0.0369	0.04914	0.04152	0.02387	
0.0141	0.02503	0.04319	0.05176	0.04319	0.02503	0.0141	
0.02387	0.04152	0.04914	0.0369	0.02188	0.01525	0.01558	
z = 7.5

0.04461	0.04811	0.03224	0.01833	0.01474	0.01741	0.02869	
0.04953	0.03417	0.01806	0.01287	0.01806	0.03417	0.04953	
0.02869	0.01741	0.01474	0.01833	0.03224	0.04811	0.04461	
0.01558	0.01525	0.02188	0.0369	0.04914	0.04152	0.02387	
0.0141	0.02503	0.04319	0.05176	0.04319	0.02503	0.0141	
0.02387	0.04152	0.04914	0.0369	0.02188	0.01525	0.01558	
c = 11
z = 0.5

0.03597	0.02916	0.02121	0.01833	0.02121	0.02916	0.03597	
0.04953	0.03417	0.01806	0.01287	0.01806	0.03417	0.04953	
0.03597	0.02916	0.02121	0.01833	0.02121	0.02916	0.03597	
0.01904	0.02478	0.03324	0.0369	0.03324	0.02478	0.01904	
0.0141	0.02503	0.04319	0.05176	0.04319	0.02503	0.0141	
0.01904	0.02478	0.03324	0.0369	0.03324	0.02478	0.01904	
z = 1.5

0.03597	0.02916	0.02121	0.01833	0.02121	0.02916	0.03597	
0.04953	0.03417	0.01806	0.01287	0.01806	0.03417	0.04953	
0.03597	0.02916	0.02121	0.01833	0.02121	0.02916	0.03597	
0.01904	0.02478	0.03324	0.0369	0.03324	0.02478	0.01904	
0.0141	0.02503	0.04319	0.05176	0.04319	0.02503	0.0141	
0.01904	0.02478	0.03324	0.0369	0.03324	0.02478	0.01904	
z = 2.5

0.03597	0.02916	0.02121	0.01833	0.02121	0.02916	0.03597	
0.04953	0.03417	0.01806	0.01287	0.01806	0.03417	0.04953	
0.03597	0.02916	0.02121	0.01833	0.02121	0.02916	0.03597	
0.01904	0.02478	0.03324	0.0369	0.03324	0.02478	0.01904	
0.0141	0.02503	0.04319	0.05176	0.04319	0.02503	0.0141	
0.01904	0.02478	0.03324	0.0369	0.03324	0.02478	0.01904	
z = 3.5

0.03597	0.02916	0.02121	0.01833	0.02121	0.02916	0.03597	
0.04953	0.03417	0.01806	0.01287	0.01806	0.03417	0.04953	
0.03597	0.02916	0.02121	0.01833	0.02121	0.02916	0.03597	
0.01904	0.02478	0.03324	0.0369	0.03324	0.02478	0.01904	
0.0141	0.02503	0.04319	0.05176	0.04319	0.02503	0.0141	
0.01904	0.02478	0.03324	0.0369	0.03324	0.02478	0.01904	
z = 4.5

0.03597	0.02916	0.02121	0.01833	0.02121	0.02916	0.03597	
0.04953	0.03417	0.01806	0.01287	0.01806	0.03417	0.04953	
0.03597	0.02916	0.02121	0.01833	0.02121	0.02916	0.03597	
0.01904	0.02478	0.03324	0.0369	0.03324	0.02478	0.01904	
0.0141	0.02503	0.04319	0.05176	0.04319	0.02503	0.0141	
0.01904	0.02478	0.03324	0.0369	0.03324	0.02478	0.01904	
z = 5.5

0.03597	0.02916	0.02121	0.01833	0.02121	0.02916	0.03597	
0.04953	0.03417	0.01806	0.01287	0.01806	0.03417	0.04953	
0.03597	0.02916	0.02121	0.01833	0.02121	0.02916	0.03597	
0.01904	0.02478	0.03324	0.0369	0.03324	0.02478	0.01904	
0.0141	0.02503	0.04319	0.05176	0.04319	0.02503	0.0141	
0.01904	0.02478	0.03324	0.0369	0.03324	0.02478	0.01904	
z = 6.5

0.03597	0.02916	0.02121	0.01833	0.02121	0.02916	0.03597	
0.04953	0.03417	0.01806	0.01287	0.01806	0.03417	0.04953	
0.03597	0.02916	0.02121	0.01833	0.02121	0.02916	0.03597	
0.01904	0.02478	0.03324	0.0369	0.03324	0.02478	0.01904	
0.0141	0.02503	0.04319	0.05176	0.04319	0.02503	0.0141	
0.01904	0.02478	0.03324	0.0369	0.03324	0.02478	0.01904	
z = 7.5

0.03597	0.02916	0.02121	0.01833	0.02121	0.02916	0.03597	
0.04953	0.03417	0.01806	0.01287	0.01806	0.03417	0.04953	
0.03597	0.02916	0.02121	0.01833	0.02121	0.02916	0.03597	
0.01904	0.02478	0.03324	0.0369	0.03324	0.02478	0.01904	
0.0141	0.02503	0.04319	0.05176	0.04319	0.02503	0.0141	
0.01904	0.02478	0.03324	0.0369	0.03324	0.02478	0.01904	
c = 12
z = 0.5

0.01904	0.02478	0.03324	0.0369	0.03324	0.02478	0.01904	
0.0141	0.02503	0.04319	0.05176	0.04319	0.02503	0.0141	
0.01904	0.02478	0.03324	0.0369	0.03324	0.02478	0.01904	
0.03597	0.02916	0.02121	0.01833	0.02121	0.02916	0.03597	
0.04953	0.03417	0.01806	0.01287	0.01806	0.03417	0.04953	
0.03597	0.02916	0.02121	0.01833	0.02121	0.02916	0.03597	
z = 1.5

0.01904	0.02478	0.03324	0.0369	0.03324	0.02478	0.01904	
0.0141	0.02503	0.04319	0.05176	0.04319	0.02503	0.0141	
0.01904	0.02478	0.03324	0.0369	0.03324	0.02478	0.01904	
0.03597	0.02916	0.02121	0.01833	0.02121	0.02916	0.03597	
0.04953	0.03417	0.01806	0.01287	0.01806	0.03417	0.04953	
0.03597	0.02916	0.02121	0.01833	0.02121	0.02916	0.03597	
z = 2.5

0.01904	0.02478	0.03324	0.0369	0.03324	0.02478	0.01904	
0.0141	0.02503	0.04319	0.05176	0.04319	0.02503	0.0141	
0.01904	0.02478	0.03324	0.0369	0.03324	0.02478	0.01904	
0.03597	0.02916	0.02121	0.01833	0.02121	0.02916	0.03597	
0.04953	0.03417	0.01806	0.01287	0.01806	0.03417	0.04953	
0.03597	0.02916	0.02121	0.01833	0.02121	0.02916	0.03597	
z = 3.5

0.01904	0.02478	0.03324	0.0369	0.03324	0.02478	0.01904	
0.0141	0.02503	0.04319	0.05176	0.04319	0.02503	0.0141	
0.01904	0.02478	0.03324	0.0369	0.03324	0.02478	0.01904	
0.03597	0.02916	0.02121	0.01833	0.02121	0.02916	0.03597	
0.04953	0.03417	0.01806	0.01287	0.01806	0.03417	0.04953	
0.03597	0.02916	0.02121	0.01833	0.02121	0.02916	0.03597	
z = 4.5

0.01904	0.02478	0.03324	0.0369	0.03324	0.02478	0.01904	
0.0141	0.02503	0.04319	0.05176	0.04319	0.02503	0.0141	
0.01904	0.02478	0.03324	0.0369	0.03324	0.02478	0.01904	
0.03597	0.02916	0.02121	0.01833	0.02121	0.02916	0.03597	
0.04953	0.03417	0.01806	0.01287	0.01806	0.03417	0.04953	
0.03597	0.02916	0.02121	0.01833	0.02121	0.02916	0.03597	
z = 5.5

0.01904	0.02478	0.03324	0.0369	0.03324	0.02478	0.01904	
0.0141	0.02503	0.04319	0.05176	0.04319	0.02503	0.0141	
0.01904	0.02478	0.03324	0.0369	0.03324	0.02478	0.01904	
0.03597	0.02916	0.02121	0.01833	0.02121	0.02916	0.03597	
0.04953	0.03417	0.01806	0.01287	0.01806	0.03417	0.04953	
0.03597	0.02916	0.02121	0.01833	0.02121	0.02916	0.03597	
z = 6.5

0.01904	0.02478	0.03324	0.0369	0.03324	0.02478	0.01904	
0.0141	0.02503	0.04319	0.05176	0.04319	0.02503	0.0141	
0.01904	0.02478	0.03324	0.0369	0.03324	0.02478	0.01904	
0.03597	0.02916	0.02121	0.01833	0.02121	0.02916	0.03597	
0.04953	0.03417	0.01806	0.01287	0.01806	0.03417	0.04953	
0.03597	0.02916	0.02121	0.01833	0.02121	0.02916	0.03597	
z = 7.5

0.01904	0.02478	0.03324	0.0369	0.03324	0.02478	0.01904	
0.0141	0.02503	0.04319	0.05176	0.04319	0.02503	0.0141	
0.01904	0.02478	0.03324	0.0369	0.03324	0.02478	0.01904	
0.03597	0.02916	0.02121	0.01833	0.02121	0.02916	0.03597	
0.04953	0.03417	0.01806	0.01287	0.01806	0.03417	0.04953	
0.03597	0.02916	0.02121	0.01833	0.02121	0.02916	0.03597	
c = 13
z = 0.5

0.03597	0.02916	0.02121	0.01833	0.02121	0.02916	0.03597	
0.04953	0.03417	0.01806	0.01287	0.01806	0.03417	0.04953	
0.03597	0.02916	0.02121	0.01833	0.02121	0.02916	0.03597	
0.01904	0.02478	0.03324	0.0369	0.03324	0.02478	0.01904	
0.0141	0.02503	0.04319	0.05176	0.04319	0.02503	0.0141	
0.01904	0.02478	0.03324	0.0369	0.03324	0.02478	0.01904	
z = 1.5

0.03597	0.02916	0.02121	0.01833	0.02121	0.02916	0.03597	
0.04953	0.03417	0.01806	0.01287	0.01806	0.03417	0.04953	
0.03597	0.02916	0.02121	0.01833	0.02121	0.02916	0.03597	
0.01904	0.02478	0.03324	0.0369	0.03324	0.02478	0.01904	
0.0141	0.02503	0.04319	0.05176	0.04319	0.02503	0.0141	
0.01904	0.02478	0.03324	0.0369	0.03324	0.02478	0.01904	
z = 2.5

0.03597	0.02916	0.02121	0.01833	0.02121	0.02916	0.03597	
0.04953	0.03417	0.01806	0.01287	0.01806	0.03417	0.04953	
0.03597	0.02916	0.02121	0.01833	0.02121	0.02916	0.03597	
0.01904	0.02478	0.03324	0.0369	0.03324	0.02478	0.01904	
0.0141	0.02503	0.04319	0.05176	0.04319	0.02503	0.0141	
0.01904	0.02478	0.03324	0.0369	0.03324	0.02478	0.01904	
z = 3.5

0.03597	0.02916	0.02121	0.01833	0.02121	0.02916	0.03597	
0.04953	0.03417	0.01806	0.01287	0.01806	0.03417	0.04953	
0.03597	0.02916	0.02121	0.01833	0.02121	0.02916	0.03597	
0.01904	0.02478	0.03324	0.0369	0.03324	0.02478	0.01904	
0.0141	0.02503	0.04319	0.05176	0.04319	0.02503	0.0141	
0.01904	0.02478	0.03324	0.0369	0.03324	0.02478	0.01904	
z = 4.5

0.03597	0.02916	0.02121	0.01833	0.02121	0.02916	0.03597	
0.04953	0.03417	0.01806	0.01287	0.01806	0.03417	0.04953	
0.03597	0.02916	0.02121	0.01833	0.02121	0.02916	0.03597	
0.01904	0.02478	0.03324	0.0369	0.03324	0.02478	0.01904	
0.0141	0.02503	0.04319	0.05176	0.04319	0.02503	0.0141	
0.01904	0.02478	0.03324	0.0369	0.03324	0.02478	0.01904	
z = 5.5

0.03597	0.02916	0.02121	0.01833	0.02121	0.02916	0.03597	
0.04953	0.03417	0.01806	0.01287	0.01806	0.03417	0.04953	
0.03597	0.02916	0.02121	0.01833	0.02121	0.02916	0.03597	
0.01904	0.02478	0.03324	0.0369	0.03324	0.02478	0.01904	
0.0141	0.02503	0.04319	0.05176	0.04319	0.02503	0.0141	
0.01904	0.02478	0.03324	0.0369	0.03324	0.02478	0.01904	
z = 6.5

0.03597	0.02916	0.02121	0.01833	0.02121	0.02916	0.03597	
0.04953	0.03417	0.01806	0.01287	0.01806	0.03417	0.04953	
0.03597	0.02916	0.02121	0.01833	0.02121	0.02916	0.03597	
0.01904	0.02478	0.03324	0.0369	0.03324	0.02478	0.01904	
0.0141	0.02503	0.04319	0.05176	0.04319	0.02503	0.0141	
0.01904	0.02478	0.03324	0.0369	0.03324	0.02478	0.01904	
z = 7.5

0.03597	0.02916	0.02121	0.01833	0.02121	0.02916	0.03597	
0.04953	0.03417	0.01806	0.01287	0.01806	0.03417	0.04953	
0.03597	0.02916	0.02121	0.01833	0.02121	0.02916	0.03597	
0.01904	0.02478	0.03324	0.0369	0.03324	0.02478	0.01904	
0.0141	0.02503	0.04319	0.05176	0.04319	0.02503	0.0141	
0.01904	0.02478	0.03324	0.0369	0.03324	0.02478	0.01904	
c = 14
z = 0.5

0.01904	0.02478	0.03324	0.0369	0.03324	0.02478	0.01904	
0.0141	0.02503	0.04319	0.05176	0.04319	0.02503	0.0141	
0.01904	0.02478	0.03324	0.0369	0.03324	0.02478	0.01904	
0.03597	0.02916	0.02121	0.01833	0.02121	0.02916	0.03597	
0.04953	0.03417	0.01806	0.01287	0.01806	0.03417	0.04953	
0.03597	0.02916	0.02121	0.01833	0.02121	0.02916	0.03597	
z = 1.5

0.01904	0.02478	0.03324	0.0369	0.03324	0.02478	0.01904	
0.0141	0.02503	0.04319	0.05176	0.04319	0.02503	0.0141	
0.01904	0.02478	0.03324	0.0369	0.03324	0.02478	0.01904	
0.03597	0.02916	0.02121	0.01833	0.02121	0.02916	0.03597	
0.04953	0.03417	0.01806	0.01287	0.01806	0.03417	0.04953	
0.03597	0.02916	0.02121	0.01833	0.02121	0.02916	0.03597	
z = 2.5

0.01904	0.02478	0.03324	0.0369	0.03324	0.02478	0.01904	
0.0141	0.02503	0.04319	0.05176	0.04319	0.02503	0.0141	
0.01904	0.02478	0.03324	0.0369	0.03324	0.02478	0.01904	
0.03597	0.02916	0.02121	0.01833	0.02121	0.02916	0.03597	
0.04953	0.03417	0.01806	0.01287	0.01806	0.03417	0.04953	
0.03597	0.02916	0.02121	0.01833	0.02121	0.02916	0.03597	
z = 3.5

0.01904	0.02478	0.03324	0.0369	0.03324	0.02478	0.01904	
0.0141	0.02503	0.04319	0.05176	0.04319	0.02503	0.0141	
0.01904	0.02478	0.03324	0.0369	0.03324	0.02478	0.01904	
0.03597	0.02916	0.02121	0.01833	0.02121	0.02916	0.03597	
0.04953	0.03417	0.01806	0.01287	0.01806	0.03417	0.04953	
0.03597	0.02916	0.02121	0.01833	0.02121	0.02916	0.03597	
z = 4.5

0.01904	0.02478	0.03324	0.0369	0.03324	0.02478	0.01904	
0.0141	0.02503	0.04319	0.05176	0.04319	0.02503	0.0141	
0.01904	0.02478	0.03324	0.0369	0.03324	0.02478	0.01904	
0.03597	0.02916	0.02121	0.01833	0.02121	0.02916	0.03597	
0.04953	0.03417	0.01806	0.01287	0.01806	0.03417	0.04953	
0.03597	0.02916	0.02121	0.01833	0.02121	0.02916	0.03597	
z = 5.5

0.01904	0.02478	0.03324	0.0369	0.03324	0.02478	0.01904	
0.0141	0.02503	0.04319	0.05176	0.04319	0.02503	0.0141	
0.01904	0.02478	0.03324	0.0369	0.03324	0.02478	0.01904	
0.03597	0.02916	0.02121	0.01833	0.02121	0.02916	0.03597	
0.04953	0.03417	0.01806	0.01287	0.01806	0.03417	0.04953	
0.03597	0.02916	0.02121	0.01833	0.02121	0.02916	0.03597	
z = 6.5

0.01904	0.02478	0.03324	0.0369	0.03324	0.02478	0.01904	
0.0141	0.02503	0.04319	0.05176	0.04319	0.02503	0.0141	
0.01904	0.02478	0.03324	0.0369	0.03324	0.02478	0.01904	
